p := 2;

numSRings := [1,3,10,37,151,657,2989,14044,67626,332061,1656893,8379773];


p := 3;

numSRings := [ 2, 7, 25, 92, 345, 1311, 5030, 19439, 75545, 294888, 1155205, 4538745, 17876250, 70553179,
278949705, 1104585634, 4379770585, 17386456213, 69090680674, 274806384941, 1093933313537,
4357881016922, 17371974200097, 69292334180593, 276541159696582, 1104211332930557,
4411072142403429, 17628666248666178, 70479638295804009, 281879773711239421,
1127739134701188730, 4513230253734472467, 18067208484635524557, 72345389663324142234,
289760510075459625505, 1160831150593076877931, 4651510737140865568070, 18642676511377047878011,
74731963441395016952337, 299628749244172041682226, 1201531020951919060183557,
4818997733033293322215127, 19330576730508761295719950, 77552476542858947433047531,
311175915453470464418397941, 1248741766301967918040578114, 5011789055386574531632543449,
20117024105582072836177515823, 80757524756795967478762555814, 324226299133480476483578335863 ];


p  := 5;

numSRings := [ 3, 13, 58, 263, 1203, 5531, 25511, 117910, 545730, 2528263, 11720917, 54364253, 252243996,
1170694877, 5434421231, 25230661483, 117153235821, 544024844668, 2526465046405, 11733602605442,
54496414141998, 253115681845187, 1175659969364675, 5460766440081739, 25364880184793142,
117819699942179515, 547277683567016434, 2542151206507355138, 11808591515967781149,
54852612556413759173, 254799494507777632586, 1183590461323871161327, 5498012157095962936299,
25539420203901254402833, 118636211716726575746062, 551092173980395082724083,
2559951996200661273825834, 11891589158219830211969834, 55239327178223772459722615,
256600324364483255734939021, 1191972675791752570073716887, 5537014089340987558607539288,
25720839963662158266708612307, 119479892462606939463453879458, 555014883091027787402534826336,
2578187766539592675549744627695, 11976351868885162790225524113431,
55633274876371560035162929633417, 258431093953690819336649166694704,
1200480079584437274148667743184293 ];


p := 7;

numSRings := [ 4, 21, 113, 614, 3351, 18329, 100372, 550009, 3015021, 16531326, 90653323, 497159809,
2726660260, 14954795741, 82023673921, 449887538266, 2467587944471, 13534552583013,
74236396347076, 407184278878261, 2233396783681309, 12250146572763594, 67191916861119507,
368547111683611193, 2021478622784979828, 11087800499182647241, 60816542725695971633,
333578540226597551050, 1829677362818569712799, 10035775792023428160141,
55046207420133532842452, 301928330686076720001617, 1656076282547103539147565,
9083575173273030733217682, 49823392516584694047537827, 273281214707421539012461613,
1498946957687887578575758460, 8221721317868034165807217861, 45096126466882912566828694505,
247352171970827664905109869978, 1356726216535624077564252730535,
7441640852800095353128928145449, 40817386688076698115611295588780,
223883292622413208249780358248617, 1227999457953248712774147546301045,
6735574822650741767124940369284546, 36944615816674466825642553220295755,
202641151482916916761097730649405853, 1111486352453218559731062450117578860,
6096500650055860816161130553556516613 ];


p := 11;

numSRings := [ 4, 21, 113, 614, 3351, 18329, 100372, 550009, 3015021, 16531326, 90653323, 497159809,
2726660260, 14954795741, 82023673921, 449887538266, 2467587944471, 13534552583013,
74236396347076, 407184278878261, 2233396783681309, 12250146572763594, 67191916861119507,
368547111683611193, 2021478622784979828, 11087800499182647241, 60816542725695971633,
333578540226597551050, 1829677362818569712799, 10035775792023428160141,
55046207420133532842452, 301928330686076720001617, 1656076282547103539147565,
9083575173273030733217682, 49823392516584694047537827, 273281214707421539012461613,
1498946957687887578575758460, 8221721317868034165807217861, 45096126466882912566828694505,
247352171970827664905109869978, 1356726216535624077564252730535,
7441640852800095353128928145449, 40817386688076698115611295588780,
223883292622413208249780358248617, 1227999457953248712774147546301045,
6735574822650741767124940369284546, 36944615816674466825642553220295755,
202641151482916916761097730649405853, 1111486352453218559731062450117578860,
6096500650055860816161130553556516613 ];


p := 13;

numSRings := [ 6, 43, 313, 2288, 16749, 122675, 898706, 6584443, 48243393, 353479684, 2589969529,
18976954817, 139046219166, 1018807714127, 7464924998897, 54696402450586, 400767153804837,
2936469538412557, 21515868964080286, 157649387143599677, 1155116229113466897,
8463677095098789266, 62014391522427118517, 454386989940169171081, 3329348747042254407882,
24394543257674586706549, 178741785865790814163909, 1309662807737092037029226,
9596058703967568816090693, 70311489421079549658518021, 515180835920206799318613590,
3774792653175580701245235799, 27658364948779714077821320389, 202656204440044455539309687146,
1484886661743200356257848324605, 10879945197413576232687364552271,
79718681936152368391900479905394, 584108479806377890387749614117399,
4279833884546531390542971797656577, 31358863486085381976148320015663514,
229770207364752479238603209267999409, 1683554259415928648513082044597072707,
12335606852188987393898480711272295314, 90384491952497659244851747398671932799,
662258167222753758182940389733960664317, 4852446150648759965713556050884843511394,
35554463214382803860467869291509765482469, 260511876941466001226825242140410394301867,
1908802211929094802659349355654808727923826, 13986026000204447926336235668486743225816907 ];


p := 17;

numSRings := [ 5, 31, 196, 1247, 7953, 50775, 324323, 2072078, 13239896, 84603579, 540637735, 3454865559,
22078005354, 141088184653, 901618129317, 5761761597295, 36820383242797, 235299787364602,
1503678135596269, 9609223700967026, 61407548846400620, 392423714106484451, 2507775982083419001,
16025893091210033437, 102413155676632093648, 654469267967775121325, 4182373069437556074858,
26727373438688994877668, 170800758317787035238891, 1091498913297007028139319,
6975202510735859618024500, 44574895573245371617842039, 284855000642280367005102069,
1820360325132540223449058623, 11632977149880158365189453672, 74340313566368855098994913685,
475070323791785362433519124362, 3035927637685215977318991715552,
19401036351339277118835552618669, 123981944376842808663634538468201,
792304197215796509723690046679455, 5063204518060425110558509194821546,
32356309712630773530346720187094451, 206772366094610954798919510248563262,
1321374772342733504825799587206223678, 8444219708668694387953549002061465695,
53962621340089382717460763924120827993, 344847079109596934445149927769685026163,
2203738532658708168685513982919131552126, 14082948108084289299494785782035049824019 ];


p := 19;

numSRings := [ 6, 43, 313, 2288, 16749, 122675, 898706, 6584443, 48243393, 353479684, 2589969529,
18976954817, 139046219166, 1018807714127, 7464924998897, 54696402450586, 400767153804837,
2936469538412557, 21515868964080286, 157649387143599677, 1155116229113466897,
8463677095098789266, 62014391522427118517, 454386989940169171081, 3329348747042254407882,
24394543257674586706549, 178741785865790814163909, 1309662807737092037029226,
9596058703967568816090693, 70311489421079549658518021, 515180835920206799318613590,
3774792653175580701245235799, 27658364948779714077821320389, 202656204440044455539309687146,
1484886661743200356257848324605, 10879945197413576232687364552271,
79718681936152368391900479905394, 584108479806377890387749614117399,
4279833884546531390542971797656577, 31358863486085381976148320015663514,
229770207364752479238603209267999409, 1683554259415928648513082044597072707,
12335606852188987393898480711272295314, 90384491952497659244851747398671932799,
662258167222753758182940389733960664317, 4852446150648759965713556050884843511394,
35554463214382803860467869291509765482469, 260511876941466001226825242140410394301867,
1908802211929094802659349355654808727923826, 13986026000204447926336235668486743225816907 ];


p := 23;

numSRings := [ 4, 21, 113, 614, 3351, 18329, 100372, 550009, 3015021, 16531326, 90653323, 497159809,
2726660260, 14954795741, 82023673921, 449887538266, 2467587944471, 13534552583013,
74236396347076, 407184278878261, 2233396783681309, 12250146572763594, 67191916861119507,
368547111683611193, 2021478622784979828, 11087800499182647241, 60816542725695971633,
333578540226597551050, 1829677362818569712799, 10035775792023428160141,
55046207420133532842452, 301928330686076720001617, 1656076282547103539147565,
9083575173273030733217682, 49823392516584694047537827, 273281214707421539012461613,
1498946957687887578575758460, 8221721317868034165807217861, 45096126466882912566828694505,
247352171970827664905109869978, 1356726216535624077564252730535,
7441640852800095353128928145449, 40817386688076698115611295588780,
223883292622413208249780358248617, 1227999457953248712774147546301045,
6735574822650741767124940369284546, 36944615816674466825642553220295755,
202641151482916916761097730649405853, 1111486352453218559731062450117578860,
6096500650055860816161130553556516613 ];


p := 29;

numSRings := [ 6, 43, 313, 2288, 16749, 122675, 898706, 6584443, 48243393, 353479684, 2589969529,
18976954817, 139046219166, 1018807714127, 7464924998897, 54696402450586, 400767153804837,
2936469538412557, 21515868964080286, 157649387143599677, 1155116229113466897,
8463677095098789266, 62014391522427118517, 454386989940169171081, 3329348747042254407882,
24394543257674586706549, 178741785865790814163909, 1309662807737092037029226,
9596058703967568816090693, 70311489421079549658518021, 515180835920206799318613590,
3774792653175580701245235799, 27658364948779714077821320389, 202656204440044455539309687146,
1484886661743200356257848324605, 10879945197413576232687364552271,
79718681936152368391900479905394, 584108479806377890387749614117399,
4279833884546531390542971797656577, 31358863486085381976148320015663514,
229770207364752479238603209267999409, 1683554259415928648513082044597072707,
12335606852188987393898480711272295314, 90384491952497659244851747398671932799,
662258167222753758182940389733960664317, 4852446150648759965713556050884843511394,
35554463214382803860467869291509765482469, 260511876941466001226825242140410394301867,
1908802211929094802659349355654808727923826, 13986026000204447926336235668486743225816907 ];


p := 31;

numSRings := [ 8, 73, 673, 6218, 57483, 531501, 4914656, 45445445, 420233285, 3885899418, 35932963327,
332272692873, 3072531330936, 28411751588497, 262723974312681, 2429413298664178,
22464828369113491, 207732671282271853, 1920907741952677840, 17762668389724286357,
164251713631611701933, 1518838546084425011762, 14044727315722898493495,
129871845748434567563809, 1200927290290086926690152, 11104996223416533145995905,
102688099537101976106644689, 949558700822213364353003058, 8780586361727684589363943179,
81194239796866407268181289733, 750804593748559619714086918816, 6942703563753264054915548778597,
64199304553395734652600723636789, 593652122302558376809763184974658,
5489511837643276849333440196659007, 50761614560972322270226616262388753,
469393561585422878968844234712117704, 4340490694857595343024117388831876529,
40136595415820988937583758149349861545, 371143818711988976314373940124981317746,
3431973557822508360120449841205856275107, 31735521131588792722023287485352315083013,
293458933912219062186562844065726037839552, 2713620032764364294658738558923276008005773,
25092893182876304063569624443824380914918701, 232034433960827002476723590286817978361540610,
2145626578455386902442553820485185645312116311,
19840647509030440724407769990520011844191842777,
183466823878077186933693072691933811309546224664,
1696521015687066713531622294941794797716920236873 ];


p := 37;

numSRings := [ 9, 91, 928, 9479, 96861, 989879, 10116467, 103390294, 1056651996, 10799026531, 110366527483,
1127950901099, 11527709634630, 117813719533661, 1204061605619921, 12305564734901191,
125763435044589021, 1285308064931753758, 13135907279477131381, 134249573909370711866,
1372036792857826988544, 14022278850826260465779, 143308331958806543563397,
1464617714945410223851393, 14968460114020883600856828, 152978347795962840812501041,
1563445719607602661837719418, 15978486847168458374423476520, 163300867259539401513678497079,
1668942341210702111636726835251, 17056667150817904654518987264752,
174319919334505665026224332194047, 1781557557997572784022722882099185,
18207599823217733906895233115506947, 186082503949552507286934535771374532,
1901771711391657182045854102552810673, 19436193975711224724213780705819745530,
198638792447404847577759390399791396156, 2030097554813034096012920784892901654825,
20747689971731417430187028133931677458113, 212042341582313325376321494783711025234575,
2167082440742597931035660312094030816060454, 22147681778697233149731943893516722852497915,
226350321957456383782464749700020926495296782, 2313310655362769347963987914066086682824600370,
23642140828148446755870637578986557709600640191,
241623761876612300154291331756564036093615881965,
2469405910732749835236536877286849901542216951063,
25237441485890909615259541276643577504940383856770,
257927807650209683524348861892154142128923397687583 ];


p := 41;

numSRings := [ 8, 73, 673, 6218, 57483, 531501, 4914656, 45445445, 420233285, 3885899418, 35932963327,
332272692873, 3072531330936, 28411751588497, 262723974312681, 2429413298664178,
22464828369113491, 207732671282271853, 1920907741952677840, 17762668389724286357,
164251713631611701933, 1518838546084425011762, 14044727315722898493495,
129871845748434567563809, 1200927290290086926690152, 11104996223416533145995905,
102688099537101976106644689, 949558700822213364353003058, 8780586361727684589363943179,
81194239796866407268181289733, 750804593748559619714086918816, 6942703563753264054915548778597,
64199304553395734652600723636789, 593652122302558376809763184974658,
5489511837643276849333440196659007, 50761614560972322270226616262388753,
469393561585422878968844234712117704, 4340490694857595343024117388831876529,
40136595415820988937583758149349861545, 371143818711988976314373940124981317746,
3431973557822508360120449841205856275107, 31735521131588792722023287485352315083013,
293458933912219062186562844065726037839552, 2713620032764364294658738558923276008005773,
25092893182876304063569624443824380914918701, 232034433960827002476723590286817978361540610,
2145626578455386902442553820485185645312116311,
19840647509030440724407769990520011844191842777,
183466823878077186933693072691933811309546224664,
1696521015687066713531622294941794797716920236873 ];


p := 43;

numSRings := [ 8, 73, 673, 6218, 57483, 531501, 4914656, 45445445, 420233285, 3885899418, 35932963327,
332272692873, 3072531330936, 28411751588497, 262723974312681, 2429413298664178,
22464828369113491, 207732671282271853, 1920907741952677840, 17762668389724286357,
164251713631611701933, 1518838546084425011762, 14044727315722898493495,
129871845748434567563809, 1200927290290086926690152, 11104996223416533145995905,
102688099537101976106644689, 949558700822213364353003058, 8780586361727684589363943179,
81194239796866407268181289733, 750804593748559619714086918816, 6942703563753264054915548778597,
64199304553395734652600723636789, 593652122302558376809763184974658,
5489511837643276849333440196659007, 50761614560972322270226616262388753,
469393561585422878968844234712117704, 4340490694857595343024117388831876529,
40136595415820988937583758149349861545, 371143818711988976314373940124981317746,
3431973557822508360120449841205856275107, 31735521131588792722023287485352315083013,
293458933912219062186562844065726037839552, 2713620032764364294658738558923276008005773,
25092893182876304063569624443824380914918701, 232034433960827002476723590286817978361540610,
2145626578455386902442553820485185645312116311,
19840647509030440724407769990520011844191842777,
183466823878077186933693072691933811309546224664,
1696521015687066713531622294941794797716920236873 ];


p := 47;

numSRings := [ 4, 21, 113, 614, 3351, 18329, 100372, 550009, 3015021, 16531326, 90653323, 497159809,
2726660260, 14954795741, 82023673921, 449887538266, 2467587944471, 13534552583013,
74236396347076, 407184278878261, 2233396783681309, 12250146572763594, 67191916861119507,
368547111683611193, 2021478622784979828, 11087800499182647241, 60816542725695971633,
333578540226597551050, 1829677362818569712799, 10035775792023428160141,
55046207420133532842452, 301928330686076720001617, 1656076282547103539147565,
9083575173273030733217682, 49823392516584694047537827, 273281214707421539012461613,
1498946957687887578575758460, 8221721317868034165807217861, 45096126466882912566828694505,
247352171970827664905109869978, 1356726216535624077564252730535,
7441640852800095353128928145449, 40817386688076698115611295588780,
223883292622413208249780358248617, 1227999457953248712774147546301045,
6735574822650741767124940369284546, 36944615816674466825642553220295755,
202641151482916916761097730649405853, 1111486352453218559731062450117578860,
6096500650055860816161130553556516613 ];


p := 53;

numSRings := [ 6, 43, 313, 2288, 16749, 122675, 898706, 6584443, 48243393, 353479684, 2589969529,
18976954817, 139046219166, 1018807714127, 7464924998897, 54696402450586, 400767153804837,
2936469538412557, 21515868964080286, 157649387143599677, 1155116229113466897,
8463677095098789266, 62014391522427118517, 454386989940169171081, 3329348747042254407882,
24394543257674586706549, 178741785865790814163909, 1309662807737092037029226,
9596058703967568816090693, 70311489421079549658518021, 515180835920206799318613590,
3774792653175580701245235799, 27658364948779714077821320389, 202656204440044455539309687146,
1484886661743200356257848324605, 10879945197413576232687364552271,
79718681936152368391900479905394, 584108479806377890387749614117399,
4279833884546531390542971797656577, 31358863486085381976148320015663514,
229770207364752479238603209267999409, 1683554259415928648513082044597072707,
12335606852188987393898480711272295314, 90384491952497659244851747398671932799,
662258167222753758182940389733960664317, 4852446150648759965713556050884843511394,
35554463214382803860467869291509765482469, 260511876941466001226825242140410394301867,
1908802211929094802659349355654808727923826, 13986026000204447926336235668486743225816907 ];


p := 59;

numSRings := [ 4, 21, 113, 614, 3351, 18329, 100372, 550009, 3015021, 16531326, 90653323, 497159809,
2726660260, 14954795741, 82023673921, 449887538266, 2467587944471, 13534552583013,
74236396347076, 407184278878261, 2233396783681309, 12250146572763594, 67191916861119507,
368547111683611193, 2021478622784979828, 11087800499182647241, 60816542725695971633,
333578540226597551050, 1829677362818569712799, 10035775792023428160141,
55046207420133532842452, 301928330686076720001617, 1656076282547103539147565,
9083575173273030733217682, 49823392516584694047537827, 273281214707421539012461613,
1498946957687887578575758460, 8221721317868034165807217861, 45096126466882912566828694505,
247352171970827664905109869978, 1356726216535624077564252730535,
7441640852800095353128928145449, 40817386688076698115611295588780,
223883292622413208249780358248617, 1227999457953248712774147546301045,
6735574822650741767124940369284546, 36944615816674466825642553220295755,
202641151482916916761097730649405853, 1111486352453218559731062450117578860,
6096500650055860816161130553556516613 ];


p := 61;

numSRings := [ 12, 157, 2065, 27182, 357855, 4711361, 62028140, 816642289, 10751650845, 141552806518,
1863639161875, 24536079752945, 323034213422220, 4252965597759749, 55993190896217585,
737188522876074154, 9705589368410086095, 127780699326341480533, 1682320001450492414524,
22148889481758870998261, 291605226622894214508957, 3839181565460514631958522,
50545442080271413704400667, 665465196560355755925514153, 8761302891165358221340973052,
115348524231620768157161539897, 1518641942607584255602602246289,
19993956274775754758008946334458, 263234062159010162412275963070519,
3465655847619921976350979261162781, 45627721411246879075822964108202380,
600720052053673328440379923678455577, 7908888933700241183892777895336707357,
104125913479607558756698019019291959794, 1370888622770189865850147218912068239675,
18048683111037529022035304605294046150261, 237623215067895096321970087589313277456020,
3128471589413220468332836924030244314428221, 41188460828497701271365363048673368161693417,
542274160699309697830420177015927819471538986, 7139408937531455782752551302305737949308218047,
93995184855520842041342119082683370505199470337,
1237510675369491368623441077561602453348064307060,
16292671523625450747830001614588549301620950753361,
214504125629056285717902580842466078118215279350021,
2824093019070905047935140034986287500219849723285314,
37181109486710377388757931231270067108503755141721859,
489514648889840750492500717262777844109709624884085653,
6444794003885035986283009418744100869608176839259821124,
84850105807271841664162577649475812728896487574229356013 ];


p := 67;

numSRings := [ 8, 73, 673, 6218, 57483, 531501, 4914656, 45445445, 420233285, 3885899418, 35932963327,
332272692873, 3072531330936, 28411751588497, 262723974312681, 2429413298664178,
22464828369113491, 207732671282271853, 1920907741952677840, 17762668389724286357,
164251713631611701933, 1518838546084425011762, 14044727315722898493495,
129871845748434567563809, 1200927290290086926690152, 11104996223416533145995905,
102688099537101976106644689, 949558700822213364353003058, 8780586361727684589363943179,
81194239796866407268181289733, 750804593748559619714086918816, 6942703563753264054915548778597,
64199304553395734652600723636789, 593652122302558376809763184974658,
5489511837643276849333440196659007, 50761614560972322270226616262388753,
469393561585422878968844234712117704, 4340490694857595343024117388831876529,
40136595415820988937583758149349861545, 371143818711988976314373940124981317746,
3431973557822508360120449841205856275107, 31735521131588792722023287485352315083013,
293458933912219062186562844065726037839552, 2713620032764364294658738558923276008005773,
25092893182876304063569624443824380914918701, 232034433960827002476723590286817978361540610,
2145626578455386902442553820485185645312116311,
19840647509030440724407769990520011844191842777,
183466823878077186933693072691933811309546224664,
1696521015687066713531622294941794797716920236873 ];


p := 71;

numSRings := [ 8, 73, 673, 6218, 57483, 531501, 4914656, 45445445, 420233285, 3885899418, 35932963327,
332272692873, 3072531330936, 28411751588497, 262723974312681, 2429413298664178,
22464828369113491, 207732671282271853, 1920907741952677840, 17762668389724286357,
164251713631611701933, 1518838546084425011762, 14044727315722898493495,
129871845748434567563809, 1200927290290086926690152, 11104996223416533145995905,
102688099537101976106644689, 949558700822213364353003058, 8780586361727684589363943179,
81194239796866407268181289733, 750804593748559619714086918816, 6942703563753264054915548778597,
64199304553395734652600723636789, 593652122302558376809763184974658,
5489511837643276849333440196659007, 50761614560972322270226616262388753,
469393561585422878968844234712117704, 4340490694857595343024117388831876529,
40136595415820988937583758149349861545, 371143818711988976314373940124981317746,
3431973557822508360120449841205856275107, 31735521131588792722023287485352315083013,
293458933912219062186562844065726037839552, 2713620032764364294658738558923276008005773,
25092893182876304063569624443824380914918701, 232034433960827002476723590286817978361540610,
2145626578455386902442553820485185645312116311,
19840647509030440724407769990520011844191842777,
183466823878077186933693072691933811309546224664,
1696521015687066713531622294941794797716920236873 ];


p := 73;

numSRings := [ 12, 157, 2065, 27182, 357855, 4711361, 62028140, 816642289, 10751650845, 141552806518,
1863639161875, 24536079752945, 323034213422220, 4252965597759749, 55993190896217585,
737188522876074154, 9705589368410086095, 127780699326341480533, 1682320001450492414524,
22148889481758870998261, 291605226622894214508957, 3839181565460514631958522,
50545442080271413704400667, 665465196560355755925514153, 8761302891165358221340973052,
115348524231620768157161539897, 1518641942607584255602602246289,
19993956274775754758008946334458, 263234062159010162412275963070519,
3465655847619921976350979261162781, 45627721411246879075822964108202380,
600720052053673328440379923678455577, 7908888933700241183892777895336707357,
104125913479607558756698019019291959794, 1370888622770189865850147218912068239675,
18048683111037529022035304605294046150261, 237623215067895096321970087589313277456020,
3128471589413220468332836924030244314428221, 41188460828497701271365363048673368161693417,
542274160699309697830420177015927819471538986, 7139408937531455782752551302305737949308218047,
93995184855520842041342119082683370505199470337,
1237510675369491368623441077561602453348064307060,
16292671523625450747830001614588549301620950753361,
214504125629056285717902580842466078118215279350021,
2824093019070905047935140034986287500219849723285314,
37181109486710377388757931231270067108503755141721859,
489514648889840750492500717262777844109709624884085653,
6444794003885035986283009418744100869608176839259821124,
84850105807271841664162577649475812728896487574229356013 ];


p := 79;

numSRings := [ 8, 73, 673, 6218, 57483, 531501, 4914656, 45445445, 420233285, 3885899418, 35932963327,
332272692873, 3072531330936, 28411751588497, 262723974312681, 2429413298664178,
22464828369113491, 207732671282271853, 1920907741952677840, 17762668389724286357,
164251713631611701933, 1518838546084425011762, 14044727315722898493495,
129871845748434567563809, 1200927290290086926690152, 11104996223416533145995905,
102688099537101976106644689, 949558700822213364353003058, 8780586361727684589363943179,
81194239796866407268181289733, 750804593748559619714086918816, 6942703563753264054915548778597,
64199304553395734652600723636789, 593652122302558376809763184974658,
5489511837643276849333440196659007, 50761614560972322270226616262388753,
469393561585422878968844234712117704, 4340490694857595343024117388831876529,
40136595415820988937583758149349861545, 371143818711988976314373940124981317746,
3431973557822508360120449841205856275107, 31735521131588792722023287485352315083013,
293458933912219062186562844065726037839552, 2713620032764364294658738558923276008005773,
25092893182876304063569624443824380914918701, 232034433960827002476723590286817978361540610,
2145626578455386902442553820485185645312116311,
19840647509030440724407769990520011844191842777,
183466823878077186933693072691933811309546224664,
1696521015687066713531622294941794797716920236873 ];


p := 83;

numSRings := [ 4, 21, 113, 614, 3351, 18329, 100372, 550009, 3015021, 16531326, 90653323, 497159809,
2726660260, 14954795741, 82023673921, 449887538266, 2467587944471, 13534552583013,
74236396347076, 407184278878261, 2233396783681309, 12250146572763594, 67191916861119507,
368547111683611193, 2021478622784979828, 11087800499182647241, 60816542725695971633,
333578540226597551050, 1829677362818569712799, 10035775792023428160141,
55046207420133532842452, 301928330686076720001617, 1656076282547103539147565,
9083575173273030733217682, 49823392516584694047537827, 273281214707421539012461613,
1498946957687887578575758460, 8221721317868034165807217861, 45096126466882912566828694505,
247352171970827664905109869978, 1356726216535624077564252730535,
7441640852800095353128928145449, 40817386688076698115611295588780,
223883292622413208249780358248617, 1227999457953248712774147546301045,
6735574822650741767124940369284546, 36944615816674466825642553220295755,
202641151482916916761097730649405853, 1111486352453218559731062450117578860,
6096500650055860816161130553556516613 ];


p := 89;

numSRings := [ 8, 73, 673, 6218, 57483, 531501, 4914656, 45445445, 420233285, 3885899418, 35932963327,
332272692873, 3072531330936, 28411751588497, 262723974312681, 2429413298664178,
22464828369113491, 207732671282271853, 1920907741952677840, 17762668389724286357,
164251713631611701933, 1518838546084425011762, 14044727315722898493495,
129871845748434567563809, 1200927290290086926690152, 11104996223416533145995905,
102688099537101976106644689, 949558700822213364353003058, 8780586361727684589363943179,
81194239796866407268181289733, 750804593748559619714086918816, 6942703563753264054915548778597,
64199304553395734652600723636789, 593652122302558376809763184974658,
5489511837643276849333440196659007, 50761614560972322270226616262388753,
469393561585422878968844234712117704, 4340490694857595343024117388831876529,
40136595415820988937583758149349861545, 371143818711988976314373940124981317746,
3431973557822508360120449841205856275107, 31735521131588792722023287485352315083013,
293458933912219062186562844065726037839552, 2713620032764364294658738558923276008005773,
25092893182876304063569624443824380914918701, 232034433960827002476723590286817978361540610,
2145626578455386902442553820485185645312116311,
19840647509030440724407769990520011844191842777,
183466823878077186933693072691933811309546224664,
1696521015687066713531622294941794797716920236873 ];


p := 97;

numSRings := [ 12, 157, 2065, 27182, 357855, 4711361, 62028140, 816642289, 10751650845, 141552806518,
1863639161875, 24536079752945, 323034213422220, 4252965597759749, 55993190896217585,
737188522876074154, 9705589368410086095, 127780699326341480533, 1682320001450492414524,
22148889481758870998261, 291605226622894214508957, 3839181565460514631958522,
50545442080271413704400667, 665465196560355755925514153, 8761302891165358221340973052,
115348524231620768157161539897, 1518641942607584255602602246289,
19993956274775754758008946334458, 263234062159010162412275963070519,
3465655847619921976350979261162781, 45627721411246879075822964108202380,
600720052053673328440379923678455577, 7908888933700241183892777895336707357,
104125913479607558756698019019291959794, 1370888622770189865850147218912068239675,
18048683111037529022035304605294046150261, 237623215067895096321970087589313277456020,
3128471589413220468332836924030244314428221, 41188460828497701271365363048673368161693417,
542274160699309697830420177015927819471538986, 7139408937531455782752551302305737949308218047,
93995184855520842041342119082683370505199470337,
1237510675369491368623441077561602453348064307060,
16292671523625450747830001614588549301620950753361,
214504125629056285717902580842466078118215279350021,
2824093019070905047935140034986287500219849723285314,
37181109486710377388757931231270067108503755141721859,
489514648889840750492500717262777844109709624884085653,
6444794003885035986283009418744100869608176839259821124,
84850105807271841664162577649475812728896487574229356013 ];
