Polynomials Omega(0) up to Omega(62)

Each array displays the coefficient of x^(n-k) in Omega(0) to Omega(62)


k= 0
[ 1, 1, 1, 1, 1, 1, 1, 1, 1, 1, 1, 1, 1, 1, 1, 1, 1, 1, 1, 1, 1, 1, 1, 1, 1, 1,
1, 1, 1, 1, 1, 1, 1, 1, 1, 1, 1, 1, 1, 1, 1, 1, 1, 1, 1, 1, 1, 1, 1, 1, 1, 1, 1,
1, 1, 1, 1, 1, 1, 1, 1, 1, 1 ]


k= 1
[ 0, 0, 1, 2, 3, 4, 5, 6, 7, 8, 9, 10, 11, 12, 13, 14, 15, 16, 17, 18, 19, 20,
21, 22, 23, 24, 25, 26, 27, 28, 29, 30, 31, 32, 33, 34, 35, 36, 37, 38, 39, 40,
41, 42, 43, 44, 45, 46, 47, 48, 49, 50, 51, 52, 53, 54, 55, 56, 57, 58, 59, 60,
61 ]


k= 2
[ 0, 0, 1, 4, 8, 13, 19, 26, 34, 43, 53, 64, 76, 89, 103, 118, 134, 151, 169,
188, 208, 229, 251, 274, 298, 323, 349, 376, 404, 433, 463, 494, 526, 559, 593,
628, 664, 701, 739, 778, 818, 859, 901, 944, 988, 1033, 1079, 1126, 1174, 1223,
1273, 1324, 1376, 1429, 1483, 1538, 1594, 1651, 1709, 1768, 1828, 1889, 1951 ]


k= 3
[ 0, 0, 0, 1, 9, 23, 44, 73, 111, 159, 218, 289, 373, 471, 584, 713, 859, 1023,
1206, 1409, 1633, 1879, 2148, 2441, 2759, 3103, 3474, 3873, 4301, 4759, 5248,
5769, 6323, 6911, 7534, 8193, 8889, 9623, 10396, 11209, 12063, 12959, 13898,
14881, 15909, 16983, 18104, 19273, 20491, 21759, 23078, 24449, 25873, 27351,
28884, 30473, 32119, 33823, 35586, 37409, 39293, 41239, 43248 ]


k= 4
[ 0, 0, 0, 0, 2, 25, 72, 152, 275, 452, 695, 1017, 1432, 1955, 2602, 3390, 4337,
5462, 6785, 8327, 10110, 12157, 14492, 17140, 20127, 23480, 27227, 31397, 36020,
41127, 46750, 52922, 59677, 67050, 75077, 83795, 93242, 103457, 114480, 126352,
139115, 152812, 167487, 183185, 199952, 217835, 236882, 257142, 278665, 301502,
325705, 351327, 378422, 407045, 437252, 469100, 502647, 537952, 575075, 614077,
655020, 697967, 742982 ]


k= 5
[ 0, 0, 0, 0, 0, 3, 69, 222, 511, 997, 1754, 2870, 4448, 6607, 9483, 13230,
18021, 24049, 31528, 40694, 51806, 65147, 81025, 99774, 121755, 147357, 176998,
211126, 250220, 294791, 345383, 402574, 466977, 539241, 620052, 710134, 810250,
921203, 1043837, 1179038, 1327735, 1490901, 1669554, 1864758, 2077624, 2309311,
2561027, 2834030, 3129629, 3449185, 3794112, 4165878, 4566006, 4996075, 5457721,
5952638, 6482579, 7049357, 7654846, 8300982, 8989764, 9723255, 10503583 ]


k= 6
[ 0, 0, 0, 0, 0, 0, 5, 203, 703, 1725, 3572, 6645, 11459, 18660, 29043, 43571,
63395, 89875, 124602, 169421, 226455, 298130, 387201, 496779, 630359, 791849,
985600, 1216437, 1489691, 1811232, 2187503, 2625555, 3133083, 3718463, 4390790,
5159917, 6036495, 7032014, 8158845, 9430283, 10860591, 12465045, 14259980,
16262837, 18492211, 20967900, 23710955, 26743731, 30089939, 33774699, 37824594,
42267725, 47133767, 52454026, 58261497, 64590923, 71478855, 78963713, 87085848,
95887605, 105413387, 115709720, 126825319 ]


k= 7
[ 0, 0, 0, 0, 0, 0, 0, 8, 623, 2272, 5854, 12717, 24784, 44697, 75980, 123222,
192281, 290510, 427006, 612883, 861570, 1189135, 1614636, 2160500, 2852931,
3722348, 4803854, 6137737, 7770004, 9752949, 12145756, 15015138, 18436013,
22492218, 27277262, 32895119, 39461062, 47102539, 55960092, 66188320, 77956887,
91451576, 106875390, 124449701, 144415448, 167034385, 192590380, 221390766,
253767745, 290079846, 330713438, 376084299, 426639242, 482857799, 545253964,
614377996, 690818283, 775203268, 868203438, 970533377, 1082953884, 1206274157,
1341354044 ]


k= 8
[ 0, 0, 0, 0, 0, 0, 0, 0, 13, 1990, 7510, 20065, 45274, 91684, 171749, 303008,
509484, 823327, 1286725, 1954108, 2894671, 4195243, 5963530, 8331761, 11460767,
15544524, 20815192, 27548683, 36070792, 46763926, 60074467, 76520806, 96702086,
121307693, 151127535, 187063150, 230139685, 281518789, 342512464, 414597919,
499433473, 598875554, 714996842, 850105605, 1006766278, 1187821336, 1396414513,
1636015420, 1910445616, 2223906187, 2581006889, 2986796912, 3446797323,
3967035247, 4554079846, 5215080157, 5957804851, 6790683976, 7722852748,
8764197455, 9925403540, 11218005930, 12654441679 ]


k= 9
[ 0, 0, 0, 0, 0, 0, 0, 0, 0, 21, 6559, 25325, 69519, 161650, 337873, 653629,
1190827, 2066831, 3445540, 5550875, 8683014, 13237744, 19729328, 28817315,
41337752, 58339289, 81124701, 111298385, 150820425, 202067854, 267903779,
351755073, 457699377, 590562195, 756024906, 960744559, 1212486360, 1520269804,
1894529450, 2347291383, 2892366454, 3545561437, 4324909291, 5250919765,
6346851635, 7639007914, 9157055429, 10934370213, 13008410215, 15421116887,
18219347264, 21455338211, 25187204570, 29479473000, 34403653364, 40038849579,
46472411908, 53800632737, 62129487945, 71575426041, 82266207309, 94341795270,
107955302839 ]


k= 10
[ 0, 0, 0, 0, 0, 0, 0, 0, 0, 0, 34, 22161, 86907, 243477, 579852, 1244010,
2473108, 4632607, 8267631, 14169187, 23458237, 37691006, 58989333, 90200326,
135090068, 198576640, 287008280, 408493085, 573287287, 794249795, 1087371394,
1472387730, 1973485988, 2620115989, 3447917293, 4499774799, 5827016281,
7490766292, 9563471907, 12130616862, 15292641780, 19167089358, 23890994622,
29623541641, 36549009427, 44880031137, 54861192136, 66772993978, 80936212916,
97716683163, 117530536795, 140849933915, 168209318485, 200212237082,
237538759745, 280953544054, 331314585620, 389582700268, 456831785364,
534259909973, 623201285839, 725139173551, 841719780702 ]


k= 11
[ 0, 0, 0, 0, 0, 0, 0, 0, 0, 0, 0, 55, 76334, 302682, 861366, 2091154, 4584390,
9327275, 17896866, 32731170, 57491963, 97543635, 160575482, 257399467,
402960587, 617602646, 928638480, 1372280545, 1995995300, 2861353032, 4047453718,
5655019240, 7811252804, 10675577805, 14446380670, 19368895444, 25744382105,
33940765849, 44404920922, 57676800041, 74405629089, 95368406640, 121490969020,
153871904091, 193809620810, 242832906918, 302735333910, 375613896782,
463912306002, 570469380767, 698573025946, 852020310230, 1035184199975,
1253087542095, 1511484930202, 1816953131063, 2176990793415, 2600128208314,
3096047939560, 3675717194405, 4351532858784, 5137480177780, 6049306121014 ]


k= 12
[ 0, 0, 0, 0, 0, 0, 0, 0, 0, 0, 0, 0, 89, 266957, 1067366, 3075187, 7583239,
16927315, 35126287, 68819017, 128600385, 230884308, 400451642, 673875841,
1104059736, 1766163371, 2765256106, 4246086820, 6405434709, 9507580603,
13903525690, 20054681843, 28561866249, 40200553631, 55963472973, 77111783287,
105236225629, 142329827354, 190873930622, 253939531601, 335306150882,
439600710599, 572459170960, 740713979722, 952610714017, 1218057646345,
1548912347038, 1959309845667, 2466037315371, 3088960718651, 3851509362571,
4781224857381, 5910381557225, 7276686186784, 8924065025458, 10903547733105,
13274257660588, 16104519296659, 19473094362326, 23470558977168, 28200835291517,
33782892006519, 40352629293394 ]


k= 13
[ 0, 0, 0, 0, 0, 0, 0, 0, 0, 0, 0, 0, 0, 144, 945029, 3803355, 11067855,
27647428, 62660360, 132246926, 263840614, 502478187, 919902626, 1627425027,
2793767682, 4669417391, 7619382708, 12166679182, 19049371300, 29294588122,
44313611671, 66022924003, 96997002421, 140659685334, 201522107596, 285476538614,
400156964982, 555378958893, 763673282284, 1040929813979, 1407170773680,
1887474874505, 2513076988248, 3322671179430, 4363948581796, 5695405582004,
7388462169257, 9529935137611, 12224916122427, 15600110248472, 19807697500896,
25029785839998, 31483532606582, 39427018949055, 49165970890582, 61061430291091,
75538489393438, 93096213926611, 114318891924844, 139888758565726,
170600361491124, 207376746312862, 251287658384123 ]


k= 14
[ 0, 0, 0, 0, 0, 0, 0, 0, 0, 0, 0, 0, 0, 0, 233, 3378838, 13672353, 40118503,
101308915, 232600550, 498135477, 1009700614, 1955489568, 3642892325, 6560783344,
11468459676, 19520460827, 32439052385, 52749256270, 84095052140, 131659858095,
202719737152, 307364094419, 459426067465, 677673522663, 987321722544,
1421940509499, 2025842463510, 2857054159150, 3990990613463, 5524973546858,
7583757462278, 10326254096623, 13953675851715, 18719352736540, 24940515543772,
33012380868149, 43424921611098, 56782760298325, 73828682394219, 95471333396171,
122817737440522, 157211357099025, 200276504683670, 253970015447900,
320641203361465, 403101241482932, 504703242249744, 629434459197715,
782022191714933, 968055149494714, 1194122224507164, 1467970826753595 ]


k= 15
[ 0, 0, 0, 0, 0, 0, 0, 0, 0, 0, 0, 0, 0, 0, 0, 377, 12181322, 49519830,
146333278, 372964023, 865910402, 1878141037, 3860362000, 7588536015,
14358962563, 26280086026, 46700342452, 80824297798, 136585672094, 225866282786,
366175283400, 582934248793, 912551728500, 1406517067026, 2136798950898,
3202900844525, 4741004976886, 6935730813007, 10035145200272, 14369792091455,
20376662667877, 28629204877782, 39874678259720, 55080399190868, 75490697526738,
102696722541532, 138721599148632, 186123850074665, 248122471995550,
328747590194878, 433021224248166, 567173384385187, 738899493034618,
957665997838129, 1235072021139856, 1585275987445055, 2025497396312423,
2576605276247730, 3263806379045116, 4117447868373378, 5173951137040950,
6476895471290166, 8078272585914152 ]


k= 16
[ 0, 0, 0, 0, 0, 0, 0, 0, 0, 0, 0, 0, 0, 0, 0, 0, 610, 44226887, 180519543,
536707334, 1378927861, 3232672180, 7090142132, 14753889553, 29389995876,
56395977144, 104731673950, 188918680156, 331989105078, 569762137711,
956952352238, 1575773332880, 2547901526715, 4050917091150, 6340651212302,
9781254937647, 14885276891300, 22366612350235, 33209882461921, 48760640941932,
70841810424395, 101902949051285, 145210370816187, 205087825578163,
287219425913579, 399028832331276, 550151425440905, 753019358898337,
1023583062229768, 1382197016832041, 1854702538066729, 2473745946221100,
3280376993036871, 4325979832136998, 5674597295251186, 7405718887371963,
9617613880989430, 12431303323865270, 15995278842354860, 20491092004542702,
26139955902595332, 33210520737871325, 42028007780821560 ]


k= 17
[ 0, 0, 0, 0, 0, 0, 0, 0, 0, 0, 0, 0, 0, 0, 0, 0, 0, 987, 161556686, 661784139,
1978130043, 5118094321, 12101291152, 26803971165, 56390897467, 113673831798,
220897458274, 415677977886, 760126559821, 1354603961215, 2358104416760,
4017993804998, 6712774778915, 11012775292833, 17765223290871, 28212158822327,
44152140189082, 68159834967365, 103881481883825, 156429020365713,
232901591900982, 343070331401020, 500271131205137, 722560656531366,
1034203642805934, 1467574783753043, 2065576749078711, 2884697536288782,
3998856013291720, 5504214771449767, 7525174989118788, 10221809700706459,
13799040573498501, 18517920022329721, 24709446370993110, 32791416063636205,
43288905051138973, 56859072999912770, 74321100643732148, 96692204366263526,
125230825116801867, 161488263407975367, 207370231055426090 ]


k= 18
[ 0, 0, 0, 0, 0, 0, 0, 0, 0, 0, 0, 0, 0, 0, 0, 0, 0, 0, 1597, 593305567,
2438154488, 7322572395, 19064142112, 45417616977, 101483506349, 215605900439,
439289351338, 863451173278, 1644447647711, 3044887935385, 5496429077253,
9694721430785, 16740688367521, 28347679679115, 47141110257084, 77086446494913,
124093398082190, 196859600148004, 308036761556845, 475827209490655,
726150174700507, 1095556460770662, 1635119013565115, 2415587347858772,
3534168141772857, 5123385322681228, 7362583846543840, 10492775845099967,
14835690205325607, 20818081949857624, 29002591763847999, 40126725279532643,
55151853867064148, 75324532355378401, 102252894200943190, 138001432373605973,
185208117390420145, 247228556939870721, 328312780714647920, 433821257805526714,
570487943000771283, 746739525831891075, 973081648268404599 ]


k= 19
[ 0, 0, 0, 0, 0, 0, 0, 0, 0, 0, 0, 0, 0, 0, 0, 0, 0, 0, 0, 2584, 2189163304,
9022288323, 27212463512, 71241588975, 170873800284, 384817368614, 824796491870,
1696785392296, 3369867864215, 6488611877572, 12152652856818, 22198233451424,
39631890209121, 69287778554460, 118809168150150, 200093808574461,
331395166705507, 540340730760084, 868219328718920, 1376007479883470,
2152757252010893, 3327163550743321, 5083377680988152, 7682449020400075,
11491172912533484, 17020618586223519, 24977227684595998, 36330137534730037,
52399323988390800, 74970312310696769, 106442613216887424, 150020753945995350,
209958848600254946, 291872154619420865, 403132070615948152, 553364634410531873,
755076882266721994, 1024440549873276456, 1382268668972612810,
1855227796882500210, 2477337087960173061, 3291815379746124102,
4353349153515887514 ]


k= 20
[ 0, 0, 0, 0, 0, 0, 0, 0, 0, 0, 0, 0, 0, 0, 0, 0, 0, 0, 0, 0, 4181, 8111524656,
33518232747, 101484637745, 267015896685, 644347980315, 1461410697418,
3157362938401, 6552491784130, 13136830659222, 25549380010319, 48357356900358,
89299254942047, 161233072119616, 285140332398246, 494688575247915,
843064196818429, 1413072395311741, 2331885108153503, 3792331138393823,
6083302786726676, 9632747287367985, 15067877668587765, 23298748586686022,
35633287041260760, 53934354300544151, 80832576065095281, 120012673069714502,
176596047220212210, 257648661162178980, 372851069736427865, 535377151362226848,
763040039556581061, 1079778435490743910, 1517574441556285147,
2118915940199680069, 2939943110427721743, 4054450813587192527,
5558957324947887396, 7579096441688556791, 10277645757197719990,
13864570471763256924, 18609541375897856211 ]


k= 21
[ 0, 0, 0, 0, 0, 0, 0, 0, 0, 0, 0, 0, 0, 0, 0, 0, 0, 0, 0, 0, 0, 6765,
30169334166, 124963864910, 379680083960, 1003508940494, 2434987618055,
5558203084905, 12095688342718, 25303287825914, 51169096032302, 100435950002135,
191943183713854, 358043744818617, 653231918078433, 1167661522636503,
2048007028735990, 3529203308848790, 5982102285323063, 9984147895753694,
16422977099075335, 26646638112876545, 42679175700145941, 67527044128578839,
105610645514869942, 163366847430522425, 250083346056384815, 379045121845279011,
569098106415687705, 846766918225521390, 1249103809206812189,
1827496834502451305, 2652729180620760080, 3821661538468278923,
5466008959392926244, 7763807059962822982, 10954314843957066410,
15357288850082420504, 21397792995671725907, 29637988859062527853,
40817692228076158998, 55905895290001163940, 76165953619188929940 ]


k= 22
[ 0, 0, 0, 0, 0, 0, 0, 0, 0, 0, 0, 0, 0, 0, 0, 0, 0, 0, 0, 0, 0, 0, 10946,
112592710833, 467392628445, 1424612772474, 3780867916559, 9220302673400,
21170032891192, 46375389012198, 97724532179168, 199191923889092,
394299570097319, 760305228273078, 1431546904839948, 2637183065918097,
4761216412826548, 8436514691718090, 14690002462891915, 25163905349626694,
42448695069093472, 70578277672792115, 115758383133169101, 187426858452850391,
299781964220292903, 473964799666606802, 741148413433883425, 1146873772883277491,
1757087567055217608, 2666486313303741935, 4009964763791735844,
5978215729651977654, 8838847413687164025, 12964790666151589232,
18872283644622225968, 27271371217093513303, 39132672697330643247,
55775192339500128344, 78981218454888808643, 111145934284366372298,
155471312969519205282, 216216268976674174518, 299017982949287269590 ]


k= 23
[ 0, 0, 0, 0, 0, 0, 0, 0, 0, 0, 0, 0, 0, 0, 0, 0, 0, 0, 0, 0, 0, 0, 0, 17711,
421503296606, 1753269699477, 5359570673648, 14277889823613, 34979254565015,
80744140193776, 177954017461432, 377515588420934, 775116790493059,
1546363496525529, 3006506462219592, 5710078403615781, 10614230679102817,
19342167033577516, 34601596914531100, 60840020452371065, 105257246168412611,
179350333378349193, 301243171185119470, 499160157896925066, 816551474932530815,
1319580056371901877, 2107955471392365572, 3330470717043417450,
5207094081685968056, 8060127708115663071, 12357815388424761002,
18774925222494280178, 28276324401050658903, 42231498970522890665,
62570469786376891296, 91994764169679303227, 134261202716554030924,
194561475579838522069, 280027085791258888004, 400397562431908371187,
568900299270941961711, 803403446285689862262, 1127919565703940641856 ]


k= 24
[ 0, 0, 0, 0, 0, 0, 0, 0, 0, 0, 0, 0, 0, 0, 0, 0, 0, 0, 0, 0, 0, 0, 0, 0, 28657,
1582416594721, 6594425030128, 20212657955301, 54033631448285, 132935751319530,
308374695628537, 683433799909563, 1458836418880083, 3015510037398165,
6059579611967178, 11871959522191555, 22730095552074937, 42608356218449393,
78322497291685295, 141371600857632785, 250860632457347164, 438075890358474753,
753558342578187388, 1277909102732793220, 2138111549869750937,
3531925394064641678, 5763978472666297576, 9298656687260697697,
14836908202175535875, 23426813221714498622, 36621456354837501561,
56702572184755668883, 86994997026825567946, 132305636098952912860,
199532060322441196605, 298500756362241331652, 443114441299085286663,
652912937241010445533, 955184397344026991340, 1387805063147555608803,
2003038536134250881265, 2872592621958893120142, 4094316658488558625903 ]


k= 25
[ 0, 0, 0, 0, 0, 0, 0, 0, 0, 0, 0, 0, 0, 0, 0, 0, 0, 0, 0, 0, 0, 0, 0, 0, 0,
46368, 5956179450670, 24864055630841, 76400196070363, 204892108545945,
506048134655669, 1179234360545844, 2626961097584479, 5639555376054564,
11730200606455960, 23730042069797085, 46824638743080998, 90326279062829550,
170653105922651113, 316256997304971576, 575652916682955110, 1030317343972003757,
1815133136529059727, 3150389360094110794, 5391272366064091006,
9103548732824346333, 15178068082286148852, 25002244734627484217,
40714401757078702694, 65577564176739459997, 104524007351284136564,
164941964112664387746, 257803148869029170262, 399266477024577414304,
612942524368123988381, 933068711438403757585, 1408931804253972922260,
2110988317214500964390, 3139282664099438307120, 4634957359178346303751,
6795901687651879825401, 9897910626899213918449, 14323143814686773034291 ]


k= 26
[ 0, 0, 0, 0, 0, 0, 0, 0, 0, 0, 0, 0, 0, 0, 0, 0, 0, 0, 0, 0, 0, 0, 0, 0, 0, 0,
75025, 22472540608588, 93961654979195, 289380990814093, 778372554313394,
1929378081378395, 4514928090955534, 10105921545257623, 21810644998663479,
45629209527387268, 92884805871680460, 184504219477558280, 358419142092195295,
682148590721123610, 1273851717135967023, 2337029723108659270,
4216924180720292345, 7490963031716666301, 13111991557684938656,
22632401620585101138, 38550902010771661350, 64843299490124638343,
107766671288513074148, 177065949064332703178, 287767577591863609092,
462822422012271965825, 736967280892747546809, 1162321545566130843712,
1816436311877166991756, 2813785362674910302018, 4322054006199937168825,
6585072681641503622180, 9954896038049565072845, 14936394211767048922522,
22248864238674503882137, 32910665925133002851295, 48354839237405767577806 ]


k= 27
[ 0, 0, 0, 0, 0, 0, 0, 0, 0, 0, 0, 0, 0, 0, 0, 0, 0, 0, 0, 0, 0, 0, 0, 0, 0, 0,
0, 121393, 84975715354950, 355827393354542, 1098208816036882, 2962083380208519,
7366793779078989, 17306416211374563, 38909657217310326, 84389952584778827,
177503295664150293, 363441409969142450, 726426511855036388, 1420450567356812201,
2722088163173369144, 5119817022039918343, 9462857334119213340,
17205737799554611446, 30804860811905209900, 54353505063559783910,
94586577140901663428, 162452506477274734903, 275546070198296298339,
461835268010058959264, 765315042492794875392, 1254504449127004261717,
2035104128218713750064, 3268691189709581645279, 5200107286994223849350,
8197270513829962455610, 12808615824706494979983, 19845377622812453323205,
30498649703077207345672, 46504823501825581320499, 70377915976064831509390,
105733841147238858240442, 157740352606978441284366 ]


k= 28
[ 0, 0, 0, 0, 0, 0, 0, 0, 0, 0, 0, 0, 0, 0, 0, 0, 0, 0, 0, 0, 0, 0, 0, 0, 0, 0,
0, 0, 196418, 321977398812931, 1350120764712445, 4175236384741926,
11290314634223953, 28166879051991119, 66411942283905977, 149930686926726963,
326678456699076210, 690592866126470991, 1421712121857487020,
2858198766375232074, 5623393636717984844, 10846278616600603739,
20538117697598590531, 38226530501719280830, 70008214450554912243,
126273851126077861542, 224499276211327641125, 393708676538175740621,
681531193497505325348, 1165238372568143788498, 1968831834400130791782,
3289239669784969068228, 5436102865308981731209, 8891663497962193010539,
14400142085594405469480, 23100034744514604728033, 36718406438315142242150,
57854087366166830806116, 90387472131666340770645, 140069405249421613149116,
215361769176975234035776, 328629653080383257856449, 497821696556466939799309 ]


k= 29
[ 0, 0, 0, 0, 0, 0, 0, 0, 0, 0, 0, 0, 0, 0, 0, 0, 0, 0, 0, 0, 0, 0, 0, 0, 0, 0,
0, 0, 0, 317811, 1222309116379618, 5132060720504497, 15900331531137604,
43099269724910760, 107836129046196758, 255120928140077138, 578184765793680338,
1265212294078118901, 2687266015789383030, 5560485777239839490,
11239852270356812952, 22242117648401653045, 43161658013086994695,
82250036165716108285, 154100959064015499640, 284151768749053053109,
516132428457226440477, 924239722352594558746, 1632800113996968078305,
2847671817285820742696, 4905858477447668830672, 8353095895957890778782,
14063999311692057642312, 23426380815077790550910, 38621481917361606314628,
63046383434834837630793, 101945495446672717685194, 163347170848304981004776,
259442350218204155953485, 408599079094205615705465, 638285567481889703700808,
989282954183951020721875, 1521717400419841039796328 ]


k= 30
[ 0, 0, 0, 0, 0, 0, 0, 0, 0, 0, 0, 0, 0, 0, 0, 0, 0, 0, 0, 0, 0, 0, 0, 0, 0, 0,
0, 0, 0, 0, 514229, 4648421680793607, 19540887017817173, 60647534881186018,
164758945733813727, 413355903134878220, 981038503074271347, 2231394736916642574,
4902556135360989087, 10458958517187324267, 21745410799695075702,
44181473766787564554, 87905715625972981019, 171564046008944194521,
328902016998121105387, 620072890912000470912, 1150772227577368147056,
2104198937974208104827, 3793786131214411645914, 6749181890141487688859,
11854881795955714404234, 20571372786037843475662, 35284301957131440940630,
59850408935200400089036, 100443126807224165324443, 166850612348716669360942,
274451152602566318595996, 447194637983465905787610, 722066825928297018652884,
1155722909213602774748674, 1834272261156466321959069, 2887609433081912233814632,
4510261037604274128411587 ]


k= 31
[ 0, 0, 0, 0, 0, 0, 0, 0, 0, 0, 0, 0, 0, 0, 0, 0, 0, 0, 0, 0, 0, 0, 0, 0, 0, 0,
0, 0, 0, 0, 0, 832040, 17707127216679689, 74521680299450735, 231664431326449682,
630677001558648709, 1586315772057613090, 3776124913081123335,
8618071262653112172, 19006369788974184396, 40716288729746377728,
85035674891580114240, 173607494805887209142, 347193213441134333470,
681283025969183911775, 1313489694936623414423, 2490943823836915616760,
4651196156370316004877, 8558553906769670505759, 15531039987007740606907,
27813825433528200235572, 49186847064117195680120, 85942978027123290361134,
148446729688439261520106, 253593838658355576151412, 428656186543267145720429,
717238468250981900036095, 1188427037055608843582952, 1950725411640637257173098,
3173112014961772590644262, 5116616705102735846627231, 8181321552031507887808285,
12975823472828281294721664 ]


k= 32
[ 0, 0, 0, 0, 0, 0, 0, 0, 0, 0, 0, 0, 0, 0, 0, 0, 0, 0, 0, 0, 0, 0, 0, 0, 0, 0,
0, 0, 0, 0, 0, 0, 1346269, 67555859783267502, 284619038527559480,
886147649083003863, 2417189443328398294, 6094447080585634045,
14548168391724366555, 33308706918305953806, 73721281121286060366,
158547642291036292923, 332532406401212018342, 681988507140743971172,
1370507221864207235997, 2703062581725094573700, 5239402930789658615528,
9991834345691539719537, 18765636298349376702186, 34737571657980765233022,
63427168503544028905618, 114308651962194623245112, 203456602089162799534844,
357842416148711843873326, 622241012219749190231026, 1070225795098507195036724,
1821508711748782998483609, 3069042243830614827469162, 5121014427356806707511125,
8465382109330090954875847, 13868248110121888844369622,
22522680238624422982084136, 36272170261985851780524949 ]


k= 33
[ 0, 0, 0, 0, 0, 0, 0, 0, 0, 0, 0, 0, 0, 0, 0, 0, 0, 0, 0, 0, 0, 0, 0, 0, 0, 0,
0, 0, 0, 0, 0, 0, 0, 2178309, 258112331002621484, 1088552079686003571,
3394048794776489676, 9275336639339828773, 23438706873329979555,
56098896639187960845, 128827792321347632607, 286089687066661419063,
617548150172642624466, 1300418503392316223642, 2678507614285659557960,
5407348901333057464491, 10716648502434343767242, 20878012465269992952501,
40027075609078415667867, 75589654725161383962042, 140724803782050921728271,
258459893358261554915648, 468609619365470837093794, 839226505892870576629834,
1485351882802103156110786, 2599412698153934425244406, 4500020661015178400838209,
7709586528479481182234773, 13076661276435982099045657,
21967120632839992015410144, 36560458398263675196614846,
60305311692567534870916696, 98614405582407220217372197 ]


k= 34
[ 0, 0, 0, 0, 0, 0, 0, 0, 0, 0, 0, 0, 0, 0, 0, 0, 0, 0, 0, 0, 0, 0, 0, 0, 0, 0,
0, 0, 0, 0, 0, 0, 0, 0, 3524578, 987523691876650227, 4168721835304773076,
13015567785003776774, 35631658997071861695, 90232906013269672695,
216504889174199724294, 498603857267505533211, 1110771743798452567989,
2406062985476896725045, 5085841564317916450614, 10518139490763784202560,
21326147421604135745128, 42459741798617742300933, 83118752445823948884225,
160158220036389641213739, 304039653321602164923348, 569103362175908121000312,
1051089726901135745825202, 1916686412045195170282730, 3452814666525151610704798,
6147984688241873834762702, 10825242054747710247816895,
18857330706899765973831037, 32511693077522177075048210,
55498726246643717238745219, 93835563705603203614310871,
157195712532233623036902036, 261001005783910708861764848 ]


k= 35
[ 0, 0, 0, 0, 0, 0, 0, 0, 0, 0, 0, 0, 0, 0, 0, 0, 0, 0, 0, 0, 0, 0, 0, 0, 0, 0,
0, 0, 0, 0, 0, 0, 0, 0, 0, 5702887, 3783074408992790089, 15984262932225976732,
49970268486141900836, 137026342895000346000, 347701942319486116794,
836243550091679014101, 1931018060256325666350, 4314770923335536571060,
9377184363182977300482, 19892289483066730456050, 41298549871792093440520,
84080078435865521058439, 168130759500866369358768, 330640221378050569539966,
640153206792008427885846, 1221315002378501575697838, 2297893140940592606528802,
4266698859778811510011268, 7823177100037435054271620,
14172482461602896075540440, 25380560002334601427490655,
44952287281951441748988556, 78774418298019170600084878,
136639343987322206887491699, 234685567849494350451392686,
399272948704133420702988825, 673085410025409753084208694 ]


k= 36
[ 0, 0, 0, 0, 0, 0, 0, 0, 0, 0, 0, 0, 0, 0, 0, 0, 0, 0, 0, 0, 0, 0, 0, 0, 0, 0,
0, 0, 0, 0, 0, 0, 0, 0, 0, 0, 9227465, 14510063426269301667,
61360455935776636629, 192059884233869007371, 527484897550095518729,
1341036385323430403570, 3232471648741129897139, 7483284446626791614471,
16768626158354417727539, 36556964970407694612010, 77814167477326022053475,
162142664553302745824225, 331398547861496241846967, 665426408488316349890005,
1314311365201403224447168, 2556257522629269405653635, 4900144989142940602301026,
9265061005419048169021390, 17290941697852623865409148,
31870104959807700934912078, 58047042142464245151064865,
104525979236080728779651825, 186171787437462179049975378,
328119315777169373296994861, 572463688369878876093235777,
989056324447165601914602445, 1692777707963227118621844366 ]


k= 37
[ 0, 0, 0, 0, 0, 0, 0, 0, 0, 0, 0, 0, 0, 0, 0, 0, 0, 0, 0, 0, 0, 0, 0, 0, 0, 0,
0, 0, 0, 0, 0, 0, 0, 0, 0, 0, 0, 14930352, 55717534594583608127,
235810696902503707204, 738946664130941669520, 2032506755750898821819,
5176628789232971697694, 12504305129621293044912, 29017783641356290876388,
65198890582470581028741, 142561392504496263800085, 304433569371864817360600,
636562162108812597305530, 1305887838449947198026126, 2632471494201642973873249,
5221092289255570423185593, 10198886882265971144533026,
19639133909347757244443344, 37307978788716498070879922,
69965135826003878277877846, 129604646964255854098685943,
237274304488003796220561050, 429519713675936989063413917,
769150063617646910903441993, 1363054065958533005778795802,
2391414363662684767694946632, 4155191756100330573326313706 ]


k= 38
[ 0, 0, 0, 0, 0, 0, 0, 0, 0, 0, 0, 0, 0, 0, 0, 0, 0, 0, 0, 0, 0, 0, 0, 0, 0, 0,
0, 0, 0, 0, 0, 0, 0, 0, 0, 0, 0, 0, 24157817, 214183512629197957680,
907177449280927277935, 2845888843576628928884, 7838801163321905993558,
19999055142551602793209, 48405432853262737557239, 112588343982307313008624,
253619023709451481706880, 556120515914848479599095, 1191222614863154791055725,
2499065725978214801787040, 5144903714601734961097597,
10410283669297387680752284, 20728873592412789963162266,
40659818826894726380370646, 78634150566380742700184314,
150051285091000924432444028, 282707203699274799857699419,
526206584154009523951383451, 968112038160436993956761105,
1761373436944853489341421926, 3170463526963392418985362832,
5648249516403736261139275522, 9962917736728115387003332569 ]


k= 39
[ 0, 0, 0, 0, 0, 0, 0, 0, 0, 0, 0, 0, 0, 0, 0, 0, 0, 0, 0, 0, 0, 0, 0, 0, 0, 0,
0, 0, 0, 0, 0, 0, 0, 0, 0, 0, 0, 0, 0, 39088169, 824189809072032270018,
3493426496872462042945, 10970587197189585429562, 30258271572675456610235,
77323592836198897950558, 187510637628861105786461, 437090410546570185751640,
987002125131151505009925, 2170058764326558898854850, 4661924163691976595950075,
9811117084874338190009464, 20266592209574830728223391,
41154590392829937995976955, 82256182541414903492859390,
161985315193625970270123732, 314567876717927006907703778,
602846696466969257650027477, 1140865796652191062803934490,
2133273755059552788460628140, 3943359402944009196543690805,
7209351954674052266628219147, 13041308296962043919388229348,
23351326725768242707672736996 ]


k= 40
[ 0, 0, 0, 0, 0, 0, 0, 0, 0, 0, 0, 0, 0, 0, 0, 0, 0, 0, 0, 0, 0, 0, 0, 0, 0, 0,
0, 0, 0, 0, 0, 0, 0, 0, 0, 0, 0, 0, 0, 0, 63245986, 3174628159761373189235,
13465427233948192803417, 42328138048008362369824, 116895517361634902428615,
299184985903058995840575, 726847351395422899013974, 1697811756812569838218745,
3842772093677933251096275, 8470508992305224227733945,
18247934087366536858381714, 38518754498565873853005131,
79823417772006145262931815, 162648452378031061947446858,
326260286964863903802820949, 644930585635915003219170569,
1257380556250093645289089044, 2419599203208964035454528204,
4598542879651335415300179483, 8636588942082740611159857974,
16037210403100563512925561388, 29456314872619637628350966263,
53539237607377422609118431348 ]


k= 41
[ 0, 0, 0, 0, 0, 0, 0, 0, 0, 0, 0, 0, 0, 0, 0, 0, 0, 0, 0, 0, 0, 0, 0, 0, 0, 0,
0, 0, 0, 0, 0, 0, 0, 0, 0, 0, 0, 0, 0, 0, 0, 102334155, 12239451447556688841771,
51949089978269747990445, 163454720721699896614274, 451954304434719627113068,
1158454183140113333624790, 2819258517574238827438995, 6598424849084560837780940,
14967767607369064540218090, 33073667465180434051104774,
71440075396376374031833885, 151233078519504949298530409,
314367975756623495919672811, 642649897742284623260932261,
1293553451425297002997767278, 2566279477537616722807640150,
5022266127160095874550226974, 9702545308702301607612140968,
18515486401052683744515273791, 34921212948584255638560787450,
65127420520433651549255647015, 120158244826633653839522194828 ]


k= 42
[ 0, 0, 0, 0, 0, 0, 0, 0, 0, 0, 0, 0, 0, 0, 0, 0, 0, 0, 0, 0, 0, 0, 0, 0, 0, 0,
0, 0, 0, 0, 0, 0, 0, 0, 0, 0, 0, 0, 0, 0, 0, 0, 165580141,
47229687695006628175081, 200588748199099443591071, 631709956943887424667122,
1748714348417392412701493, 4488654378344294521986970,
10941842792005565292154940, 25657590628758482103559280,
58324478917586527761422709, 129178153819610139254029934,
279738700562179372450662319, 593811767081618513438234727,
1237985165271035629510740678, 2538673371049769533708990553,
5126824263860626621641697653, 10206395860840594814503297694,
20046642623791663740288763194, 38874649234981574923155909768,
74476043950870608699394665335, 141035904862622928225320160690,
264130079259746421745264347913 ]


k= 43
[ 0, 0, 0, 0, 0, 0, 0, 0, 0, 0, 0, 0, 0, 0, 0, 0, 0, 0, 0, 0, 0, 0, 0, 0, 0, 0,
0, 0, 0, 0, 0, 0, 0, 0, 0, 0, 0, 0, 0, 0, 0, 0, 0, 267914296,
182403918681889528419685, 775155504594118724146777, 2443284440508947147180270,
6771059693791980375025811, 17403614185750094912262395,
42491296183669565161499710, 99818033501079287695145624,
227364010775654019798952383, 504694305819072278608219688,
1095589288121794274364182264, 2331760626178016945344163454,
4874961670946476470437159317, 10026755918602948021598108214,
20312984084345675949511098661, 40573249861318607437427707524,
79968346400901215478726788240, 155637993613349732404086286827,
299294429591823557586787126993, 568985907534125150292865168730 ]


k= 44
[ 0, 0, 0, 0, 0, 0, 0, 0, 0, 0, 0, 0, 0, 0, 0, 0, 0, 0, 0, 0, 0, 0, 0, 0, 0, 0,
0, 0, 0, 0, 0, 0, 0, 0, 0, 0, 0, 0, 0, 0, 0, 0, 0, 0, 433494437,
705021585098641367867554, 2997842023832515350907336, 9456959921957992927928341,
26235810891596936605468850, 67520737463294347412583965,
165102638638552816118041824, 388519362861892183382799002,
886676547896039638557131496, 1972417553374766455629721285,
4291698235980725267429025803, 9157083326537213869291212264,
19196139981309144329805831424, 39595622605821106852705975000,
80459224005496292301565116025, 161222424361141071597317307998,
318824942111555964898589950358, 622673140696526879218872385746,
1201744511986923492977359106043 ]


k= 45
[ 0, 0, 0, 0, 0, 0, 0, 0, 0, 0, 0, 0, 0, 0, 0, 0, 0, 0, 0, 0, 0, 0, 0, 0, 0, 0,
0, 0, 0, 0, 0, 0, 0, 0, 0, 0, 0, 0, 0, 0, 0, 0, 0, 0, 0, 701408733,
2727119356137942357701200, 11602494067576099773108429,
36629956693303943826000580, 101723176790306534644722735,
262119003114901063168771234, 641864943545119347602523506,
1512934452282270298719314768, 3459211008773735820490898139,
7710787920742309966353048606, 16815040109848257733723931589,
35964378655431819594897301597, 75587653071310703416030042092,
156342705382991107089258074563, 318616858155458209743725813299,
640393366586785005065475151888, 1270472203380601142103382093402,
2489571422250625083308238756437 ]


k= 46
[ 0, 0, 0, 0, 0, 0, 0, 0, 0, 0, 0, 0, 0, 0, 0, 0, 0, 0, 0, 0, 0, 0, 0, 0, 0, 0,
0, 0, 0, 0, 0, 0, 0, 0, 0, 0, 0, 0, 0, 0, 0, 0, 0, 0, 0, 0, 1134903170,
10556615895287414334882423, 44936858442156737378329804,
141976219591526179199116450, 394658236956088349198402929,
1018153400497053767556395405, 2496666021801123287978454844,
5894200272061443362275679840, 13500597220408718058447244191,
30152705112708581753555313175, 65895345745035566356708331640,
141264710190050031442062308099, 297638081569986305536108771752,
617250198295319808628138205076, 1261435481564132505625495622793,
2542843996702295201315734866280, 5060294739273054375430470927688 ]


k= 47
[ 0, 0, 0, 0, 0, 0, 0, 0, 0, 0, 0, 0, 0, 0, 0, 0, 0, 0, 0, 0, 0, 0, 0, 0, 0, 0,
0, 0, 0, 0, 0, 0, 0, 0, 0, 0, 0, 0, 0, 0, 0, 0, 0, 0, 0, 0, 0, 1836311903,
40893138246035546942901823, 174160525793001700374805060,
550651688457238387327800164, 1532100408541871512699685584,
3957051106182491008918329674, 9716198375532905935761279792,
22973163612170874594843098180, 52709493896558604709038374142,
117944987702721395007126158470, 258285561224223779699459272479,
554936790850783496679227860178, 1172013122416550873306233545588,
2436724720012979248410759254473, 4993166502679161386469993015693,
10093886692575694137019739138168 ]


k= 48
[ 0, 0, 0, 0, 0, 0, 0, 0, 0, 0, 0, 0, 0, 0, 0, 0, 0, 0, 0, 0, 0, 0, 0, 0, 0, 0,
0, 0, 0, 0, 0, 0, 0, 0, 0, 0, 0, 0, 0, 0, 0, 0, 0, 0, 0, 0, 0, 0, 2971215073,
158514311529304427232595355, 675429705316255066764779459,
2137022371709955367467219393, 5951243245866262463139581903,
15387381836835003951205931734, 37830650207478349450878871229,
89578117803808305826867851077, 205864086605002000320573330474,
461483698901381623070384006195, 1012591430041750775359014146164,
2180241404223306280028397133762, 4615170743643174047100675598561,
9618799428513802421784495001039, 19761139765153947776742231492496 ]


k= 49
[ 0, 0, 0, 0, 0, 0, 0, 0, 0, 0, 0, 0, 0, 0, 0, 0, 0, 0, 0, 0, 0, 0, 0, 0, 0, 0,
0, 0, 0, 0, 0, 0, 0, 0, 0, 0, 0, 0, 0, 0, 0, 0, 0, 0, 0, 0, 0, 0, 0, 4807526976,
614846632610401084365680749, 2621093348500699467187053092,
8298529343788216684204343696, 23129849511268045553241469365,
59866493661590552077218404843, 147365394062090156853231562078,
349431927515141116302283387499, 804311443287380299517002394859,
1806154196967934458310370965815, 3970608254175448699825013993348,
8566806916936750003535142584165, 18174345128621610166188879013332,
37967429641032003190200379739740 ]


k= 50
[ 0, 0, 0, 0, 0, 0, 0, 0, 0, 0, 0, 0, 0, 0, 0, 0, 0, 0, 0, 0, 0, 0, 0, 0, 0, 0,
0, 0, 0, 0, 0, 0, 0, 0, 0, 0, 0, 0, 0, 0, 0, 0, 0, 0, 0, 0, 0, 0, 0, 0,
7778742049, 2386349750001843830735819996, 10177612275306167187402693203,
32243564544436350648178402274, 89944231528411154005189961166,
233034804227487856446637057373, 574307651781547951091083285398,
1363632386913366210949425455579, 3143518051973703569132633417145,
7070868222704735251887484754471, 15572855591471807407565837917511,
33665761891315371806835423241349, 71573015762456897361431224655761 ]


k= 51
[ 0, 0, 0, 0, 0, 0, 0, 0, 0, 0, 0, 0, 0, 0, 0, 0, 0, 0, 0, 0, 0, 0, 0, 0, 0, 0,
0, 0, 0, 0, 0, 0, 0, 0, 0, 0, 0, 0, 0, 0, 0, 0, 0, 0, 0, 0, 0, 0, 0, 0, 0,
12586269025, 9267438971491056560467104024, 39542144031049814157558963995,
125350267860149556988995430466, 349945578606354902050470680749,
907544467901697571628642715235, 2239156948039608828613827410603,
5323544358368994096611454751394, 12290002339785444012923747178312,
27689044546906148413192490902877, 61089626996476658952037813016320,
132316625534089521204474967417046 ]


k= 52
[ 0, 0, 0, 0, 0, 0, 0, 0, 0, 0, 0, 0, 0, 0, 0, 0, 0, 0, 0, 0, 0, 0, 0, 0, 0, 0,
0, 0, 0, 0, 0, 0, 0, 0, 0, 0, 0, 0, 0, 0, 0, 0, 0, 0, 0, 0, 0, 0, 0, 0, 0, 0,
20365011074, 36010877378734004189010630847, 153714849758718451877439638865,
487572033286974832969339059756, 1362216550377537633756706882019,
3536045816039955949256970807293, 8733917242728084207479644946395,
20790660247310480758755362510129, 48064963443803594595067415023665,
108457187693716093273925775676882, 239692326995205824547683891142776 ]


k= 53
[ 0, 0, 0, 0, 0, 0, 0, 0, 0, 0, 0, 0, 0, 0, 0, 0, 0, 0, 0, 0, 0, 0, 0, 0, 0, 0,
0, 0, 0, 0, 0, 0, 0, 0, 0, 0, 0, 0, 0, 0, 0, 0, 0, 0, 0, 0, 0, 0, 0, 0, 0, 0, 0,
32951280099, 140005970831096474928150871989, 597865756368776016757119002181,
1897470806816721271670496485672, 5305208322498674333887728660368,
13783634761401355272810338969468, 34080995547390978302807708855346,
81225933803120779622465411307926, 188036588972538609557912772723729,
424934196938617663087717225779489 ]


k= 54
[ 0, 0, 0, 0, 0, 0, 0, 0, 0, 0, 0, 0, 0, 0, 0, 0, 0, 0, 0, 0, 0, 0, 0, 0, 0, 0,
0, 0, 0, 0, 0, 0, 0, 0, 0, 0, 0, 0, 0, 0, 0, 0, 0, 0, 0, 0, 0, 0, 0, 0, 0, 0, 0,
0, 53316291173, 544614733410104225990286581957, 2326565168648430466403058593131,
7387987807148224389005723375790, 20671024056729062511997303263425,
53752533828530651570240577733236, 133041909919982942297422826736613,
317450166608182398840242886564010, 735850802501199828545727748725038 ]


k= 55
[ 0, 0, 0, 0, 0, 0, 0, 0, 0, 0, 0, 0, 0, 0, 0, 0, 0, 0, 0, 0, 0, 0, 0, 0, 0, 0,
0, 0, 0, 0, 0, 0, 0, 0, 0, 0, 0, 0, 0, 0, 0, 0, 0, 0, 0, 0, 0, 0, 0, 0, 0, 0, 0,
0, 0, 86267571272, 2119599295931040224318050373189,
9058209547972613205515866236557, 28779574798149299403080246127634,
80578243783469027362044046981407, 209709048963864590955807855960234,
519555878523724156716232084386457, 1241098911044067173775739466414152 ]


k= 56
[ 0, 0, 0, 0, 0, 0, 0, 0, 0, 0, 0, 0, 0, 0, 0, 0, 0, 0, 0, 0, 0, 0, 0, 0, 0, 0,
0, 0, 0, 0, 0, 0, 0, 0, 0, 0, 0, 0, 0, 0, 0, 0, 0, 0, 0, 0, 0, 0, 0, 0, 0, 0, 0,
0, 0, 0, 139583862445, 8253377918886446947593383175302,
35283970111481149695548158922174, 112161161000539889459135077050763,
314241261101212437444839619327846, 818488315327194342933706040940735,
2029731021605624699808897828420929 ]


k= 57
[ 0, 0, 0, 0, 0, 0, 0, 0, 0, 0, 0, 0, 0, 0, 0, 0, 0, 0, 0, 0, 0, 0, 0, 0, 0, 0,
0, 0, 0, 0, 0, 0, 0, 0, 0, 0, 0, 0, 0, 0, 0, 0, 0, 0, 0, 0, 0, 0, 0, 0, 0, 0, 0,
0, 0, 0, 0, 225851433717, 32152573313746552972734476547902,
137503329070232051866838213272509, 437314315262094126720808578694816,
1226004065114636635530028006146451, 3195797146497242307191670214188889 ]

k= 58
[ 0, 0, 0, 0, 0, 0, 0, 0, 0, 0, 0, 0, 0, 0, 0, 0, 0, 0, 0, 0, 0, 0, 0, 0, 0, 0,
0, 0, 0, 0, 0, 0, 0, 0, 0, 0, 0, 0, 0, 0, 0, 0, 0, 0, 0, 0, 0, 0, 0, 0, 0, 0, 0,
0, 0, 0, 0, 0, 365435296162, 125313722724524841940993484393835,
536096267492387891920418596484702, 1705813190754143424557014295820426,
4785175776973750993054285951576177 ]


k= 59
[ 0, 0, 0, 0, 0, 0, 0, 0, 0, 0, 0, 0, 0, 0, 0, 0, 0, 0, 0, 0, 0, 0, 0, 0, 0, 0,
0, 0, 0, 0, 0, 0, 0, 0, 0, 0, 0, 0, 0, 0, 0, 0, 0, 0, 0, 0, 0, 0, 0, 0, 0, 0, 0,
0, 0, 0, 0, 0, 0, 591286729879, 488622691035199532303108655267395,
2091026920406053140390573474085946, 6656556832266188769856943726160808 ]


k= 60
[ 0, 0, 0, 0, 0, 0, 0, 0, 0, 0, 0, 0, 0, 0, 0, 0, 0, 0, 0, 0, 0, 0, 0, 0, 0, 0,
0, 0, 0, 0, 0, 0, 0, 0, 0, 0, 0, 0, 0, 0, 0, 0, 0, 0, 0, 0, 0, 0, 0, 0, 0, 0, 0,
0, 0, 0, 0, 0, 0, 0, 956722026041, 1906050014878632728913132669774271,
8159386899569669607505674534586999 ]


k= 61
[ 0, 0, 0, 0, 0, 0, 0, 0, 0, 0, 0, 0, 0, 0, 0, 0, 0, 0, 0, 0, 0, 0, 0, 0, 0, 0,
0, 0, 0, 0, 0, 0, 0, 0, 0, 0, 0, 0, 0, 0, 0, 0, 0, 0, 0, 0, 0, 0, 0, 0, 0, 0, 0,
0, 0, 0, 0, 0, 0, 0, 0, 1548008755920, 7438313726549861304118831281986021 ]


k= 62
[ 0, 0, 0, 0, 0, 0, 0, 0, 0, 0, 0, 0, 0, 0, 0, 0, 0, 0, 0, 0, 0, 0, 0, 0, 0, 0,
0, 0, 0, 0, 0, 0, 0, 0, 0, 0, 0, 0, 0, 0, 0, 0, 0, 0, 0, 0, 0, 0, 0, 0, 0, 0, 0,
0, 0, 0, 0, 0, 0, 0, 0, 0, 2504730781961 ]



S := [
[ 1, 1, 1, 1, 1, 1, 1, 1, 1, 1, 1, 1, 1, 1, 1, 1, 1, 1, 1, 1, 1, 1, 1, 1, 1, 1,
1, 1, 1, 1, 1, 1, 1, 1, 1, 1, 1, 1, 1, 1, 1, 1, 1, 1, 1, 1, 1, 1, 1, 1, 1, 1, 1,
1, 1, 1, 1, 1, 1, 1, 1, 1, 1 ],
[ 0, 0, 1, 2, 3, 4, 5, 6, 7, 8, 9, 10, 11, 12, 13, 14, 15, 16, 17, 18, 19, 20,
21, 22, 23, 24, 25, 26, 27, 28, 29, 30, 31, 32, 33, 34, 35, 36, 37, 38, 39, 40,
41, 42, 43, 44, 45, 46, 47, 48, 49, 50, 51, 52, 53, 54, 55, 56, 57, 58, 59, 60,
61 ],
[ 0, 0, 1, 4, 8, 13, 19, 26, 34, 43, 53, 64, 76, 89, 103, 118, 134, 151, 169,
188, 208, 229, 251, 274, 298, 323, 349, 376, 404, 433, 463, 494, 526, 559, 593,
628, 664, 701, 739, 778, 818, 859, 901, 944, 988, 1033, 1079, 1126, 1174, 1223,
1273, 1324, 1376, 1429, 1483, 1538, 1594, 1651, 1709, 1768, 1828, 1889, 1951 ],
[ 0, 0, 0, 1, 9, 23, 44, 73, 111, 159, 218, 289, 373, 471, 584, 713, 859, 1023,
1206, 1409, 1633, 1879, 2148, 2441, 2759, 3103, 3474, 3873, 4301, 4759, 5248,
5769, 6323, 6911, 7534, 8193, 8889, 9623, 10396, 11209, 12063, 12959, 13898,
14881, 15909, 16983, 18104, 19273, 20491, 21759, 23078, 24449, 25873, 27351,
28884, 30473, 32119, 33823, 35586, 37409, 39293, 41239, 43248 ],
[ 0, 0, 0, 0, 2, 25, 72, 152, 275, 452, 695, 1017, 1432, 1955, 2602, 3390, 4337,
5462, 6785, 8327, 10110, 12157, 14492, 17140, 20127, 23480, 27227, 31397, 36020,
41127, 46750, 52922, 59677, 67050, 75077, 83795, 93242, 103457, 114480, 126352,
139115, 152812, 167487, 183185, 199952, 217835, 236882, 257142, 278665, 301502,
325705, 351327, 378422, 407045, 437252, 469100, 502647, 537952, 575075, 614077,
655020, 697967, 742982 ],
[ 0, 0, 0, 0, 0, 3, 69, 222, 511, 997, 1754, 2870, 4448, 6607, 9483, 13230,
18021, 24049, 31528, 40694, 51806, 65147, 81025, 99774, 121755, 147357, 176998,
211126, 250220, 294791, 345383, 402574, 466977, 539241, 620052, 710134, 810250,
921203, 1043837, 1179038, 1327735, 1490901, 1669554, 1864758, 2077624, 2309311,
2561027, 2834030, 3129629, 3449185, 3794112, 4165878, 4566006, 4996075, 5457721,
5952638, 6482579, 7049357, 7654846, 8300982, 8989764, 9723255, 10503583 ],
[ 0, 0, 0, 0, 0, 0, 5, 203, 703, 1725, 3572, 6645, 11459, 18660, 29043, 43571,
63395, 89875, 124602, 169421, 226455, 298130, 387201, 496779, 630359, 791849,
985600, 1216437, 1489691, 1811232, 2187503, 2625555, 3133083, 3718463, 4390790,
5159917, 6036495, 7032014, 8158845, 9430283, 10860591, 12465045, 14259980,
16262837, 18492211, 20967900, 23710955, 26743731, 30089939, 33774699, 37824594,
42267725, 47133767, 52454026, 58261497, 64590923, 71478855, 78963713, 87085848,
95887605, 105413387, 115709720, 126825319 ],
[ 0, 0, 0, 0, 0, 0, 0, 8, 623, 2272, 5854, 12717, 24784, 44697, 75980, 123222,
192281, 290510, 427006, 612883, 861570, 1189135, 1614636, 2160500, 2852931,
3722348, 4803854, 6137737, 7770004, 9752949, 12145756, 15015138, 18436013,
22492218, 27277262, 32895119, 39461062, 47102539, 55960092, 66188320, 77956887,
91451576, 106875390, 124449701, 144415448, 167034385, 192590380, 221390766,
253767745, 290079846, 330713438, 376084299, 426639242, 482857799, 545253964,
614377996, 690818283, 775203268, 868203438, 970533377, 1082953884, 1206274157,
1341354044 ],
[ 0, 0, 0, 0, 0, 0, 0, 0, 13, 1990, 7510, 20065, 45274, 91684, 171749, 303008,
509484, 823327, 1286725, 1954108, 2894671, 4195243, 5963530, 8331761, 11460767,
15544524, 20815192, 27548683, 36070792, 46763926, 60074467, 76520806, 96702086,
121307693, 151127535, 187063150, 230139685, 281518789, 342512464, 414597919,
499433473, 598875554, 714996842, 850105605, 1006766278, 1187821336, 1396414513,
1636015420, 1910445616, 2223906187, 2581006889, 2986796912, 3446797323,
3967035247, 4554079846, 5215080157, 5957804851, 6790683976, 7722852748,
8764197455, 9925403540, 11218005930, 12654441679 ],
[ 0, 0, 0, 0, 0, 0, 0, 0, 0, 21, 6559, 25325, 69519, 161650, 337873, 653629,
1190827, 2066831, 3445540, 5550875, 8683014, 13237744, 19729328, 28817315,
41337752, 58339289, 81124701, 111298385, 150820425, 202067854, 267903779,
351755073, 457699377, 590562195, 756024906, 960744559, 1212486360, 1520269804,
1894529450, 2347291383, 2892366454, 3545561437, 4324909291, 5250919765,
6346851635, 7639007914, 9157055429, 10934370213, 13008410215, 15421116887,
18219347264, 21455338211, 25187204570, 29479473000, 34403653364, 40038849579,
46472411908, 53800632737, 62129487945, 71575426041, 82266207309, 94341795270,
107955302839 ],
[ 0, 0, 0, 0, 0, 0, 0, 0, 0, 0, 34, 22161, 86907, 243477, 579852, 1244010,
2473108, 4632607, 8267631, 14169187, 23458237, 37691006, 58989333, 90200326,
135090068, 198576640, 287008280, 408493085, 573287287, 794249795, 1087371394,
1472387730, 1973485988, 2620115989, 3447917293, 4499774799, 5827016281,
7490766292, 9563471907, 12130616862, 15292641780, 19167089358, 23890994622,
29623541641, 36549009427, 44880031137, 54861192136, 66772993978, 80936212916,
97716683163, 117530536795, 140849933915, 168209318485, 200212237082,
237538759745, 280953544054, 331314585620, 389582700268, 456831785364,
534259909973, 623201285839, 725139173551, 841719780702 ],
[ 0, 0, 0, 0, 0, 0, 0, 0, 0, 0, 0, 55, 76334, 302682, 861366, 2091154, 4584390,
9327275, 17896866, 32731170, 57491963, 97543635, 160575482, 257399467,
402960587, 617602646, 928638480, 1372280545, 1995995300, 2861353032, 4047453718,
5655019240, 7811252804, 10675577805, 14446380670, 19368895444, 25744382105,
33940765849, 44404920922, 57676800041, 74405629089, 95368406640, 121490969020,
153871904091, 193809620810, 242832906918, 302735333910, 375613896782,
463912306002, 570469380767, 698573025946, 852020310230, 1035184199975,
1253087542095, 1511484930202, 1816953131063, 2176990793415, 2600128208314,
3096047939560, 3675717194405, 4351532858784, 5137480177780, 6049306121014 ],
[ 0, 0, 0, 0, 0, 0, 0, 0, 0, 0, 0, 0, 89, 266957, 1067366, 3075187, 7583239,
16927315, 35126287, 68819017, 128600385, 230884308, 400451642, 673875841,
1104059736, 1766163371, 2765256106, 4246086820, 6405434709, 9507580603,
13903525690, 20054681843, 28561866249, 40200553631, 55963472973, 77111783287,
105236225629, 142329827354, 190873930622, 253939531601, 335306150882,
439600710599, 572459170960, 740713979722, 952610714017, 1218057646345,
1548912347038, 1959309845667, 2466037315371, 3088960718651, 3851509362571,
4781224857381, 5910381557225, 7276686186784, 8924065025458, 10903547733105,
13274257660588, 16104519296659, 19473094362326, 23470558977168, 28200835291517,
33782892006519, 40352629293394 ],
[ 0, 0, 0, 0, 0, 0, 0, 0, 0, 0, 0, 0, 0, 144, 945029, 3803355, 11067855,
27647428, 62660360, 132246926, 263840614, 502478187, 919902626, 1627425027,
2793767682, 4669417391, 7619382708, 12166679182, 19049371300, 29294588122,
44313611671, 66022924003, 96997002421, 140659685334, 201522107596, 285476538614,
400156964982, 555378958893, 763673282284, 1040929813979, 1407170773680,
1887474874505, 2513076988248, 3322671179430, 4363948581796, 5695405582004,
7388462169257, 9529935137611, 12224916122427, 15600110248472, 19807697500896,
25029785839998, 31483532606582, 39427018949055, 49165970890582, 61061430291091,
75538489393438, 93096213926611, 114318891924844, 139888758565726,
170600361491124, 207376746312862, 251287658384123 ],
[ 0, 0, 0, 0, 0, 0, 0, 0, 0, 0, 0, 0, 0, 0, 233, 3378838, 13672353, 40118503,
101308915, 232600550, 498135477, 1009700614, 1955489568, 3642892325, 6560783344,
11468459676, 19520460827, 32439052385, 52749256270, 84095052140, 131659858095,
202719737152, 307364094419, 459426067465, 677673522663, 987321722544,
1421940509499, 2025842463510, 2857054159150, 3990990613463, 5524973546858,
7583757462278, 10326254096623, 13953675851715, 18719352736540, 24940515543772,
33012380868149, 43424921611098, 56782760298325, 73828682394219, 95471333396171,
122817737440522, 157211357099025, 200276504683670, 253970015447900,
320641203361465, 403101241482932, 504703242249744, 629434459197715,
782022191714933, 968055149494714, 1194122224507164, 1467970826753595 ],
[ 0, 0, 0, 0, 0, 0, 0, 0, 0, 0, 0, 0, 0, 0, 0, 377, 12181322, 49519830,
146333278, 372964023, 865910402, 1878141037, 3860362000, 7588536015,
14358962563, 26280086026, 46700342452, 80824297798, 136585672094, 225866282786,
366175283400, 582934248793, 912551728500, 1406517067026, 2136798950898,
3202900844525, 4741004976886, 6935730813007, 10035145200272, 14369792091455,
20376662667877, 28629204877782, 39874678259720, 55080399190868, 75490697526738,
102696722541532, 138721599148632, 186123850074665, 248122471995550,
328747590194878, 433021224248166, 567173384385187, 738899493034618,
957665997838129, 1235072021139856, 1585275987445055, 2025497396312423,
2576605276247730, 3263806379045116, 4117447868373378, 5173951137040950,
6476895471290166, 8078272585914152 ],
[ 0, 0, 0, 0, 0, 0, 0, 0, 0, 0, 0, 0, 0, 0, 0, 0, 610, 44226887, 180519543,
536707334, 1378927861, 3232672180, 7090142132, 14753889553, 29389995876,
56395977144, 104731673950, 188918680156, 331989105078, 569762137711,
956952352238, 1575773332880, 2547901526715, 4050917091150, 6340651212302,
9781254937647, 14885276891300, 22366612350235, 33209882461921, 48760640941932,
70841810424395, 101902949051285, 145210370816187, 205087825578163,
287219425913579, 399028832331276, 550151425440905, 753019358898337,
1023583062229768, 1382197016832041, 1854702538066729, 2473745946221100,
3280376993036871, 4325979832136998, 5674597295251186, 7405718887371963,
9617613880989430, 12431303323865270, 15995278842354860, 20491092004542702,
26139955902595332, 33210520737871325, 42028007780821560 ],
[ 0, 0, 0, 0, 0, 0, 0, 0, 0, 0, 0, 0, 0, 0, 0, 0, 0, 987, 161556686, 661784139,
1978130043, 5118094321, 12101291152, 26803971165, 56390897467, 113673831798,
220897458274, 415677977886, 760126559821, 1354603961215, 2358104416760,
4017993804998, 6712774778915, 11012775292833, 17765223290871, 28212158822327,
44152140189082, 68159834967365, 103881481883825, 156429020365713,
232901591900982, 343070331401020, 500271131205137, 722560656531366,
1034203642805934, 1467574783753043, 2065576749078711, 2884697536288782,
3998856013291720, 5504214771449767, 7525174989118788, 10221809700706459,
13799040573498501, 18517920022329721, 24709446370993110, 32791416063636205,
43288905051138973, 56859072999912770, 74321100643732148, 96692204366263526,
125230825116801867, 161488263407975367, 207370231055426090 ],
[ 0, 0, 0, 0, 0, 0, 0, 0, 0, 0, 0, 0, 0, 0, 0, 0, 0, 0, 1597, 593305567,
2438154488, 7322572395, 19064142112, 45417616977, 101483506349, 215605900439,
439289351338, 863451173278, 1644447647711, 3044887935385, 5496429077253,
9694721430785, 16740688367521, 28347679679115, 47141110257084, 77086446494913,
124093398082190, 196859600148004, 308036761556845, 475827209490655,
726150174700507, 1095556460770662, 1635119013565115, 2415587347858772,
3534168141772857, 5123385322681228, 7362583846543840, 10492775845099967,
14835690205325607, 20818081949857624, 29002591763847999, 40126725279532643,
55151853867064148, 75324532355378401, 102252894200943190, 138001432373605973,
185208117390420145, 247228556939870721, 328312780714647920, 433821257805526714,
570487943000771283, 746739525831891075, 973081648268404599 ],
[ 0, 0, 0, 0, 0, 0, 0, 0, 0, 0, 0, 0, 0, 0, 0, 0, 0, 0, 0, 2584, 2189163304,
9022288323, 27212463512, 71241588975, 170873800284, 384817368614, 824796491870,
1696785392296, 3369867864215, 6488611877572, 12152652856818, 22198233451424,
39631890209121, 69287778554460, 118809168150150, 200093808574461,
331395166705507, 540340730760084, 868219328718920, 1376007479883470,
2152757252010893, 3327163550743321, 5083377680988152, 7682449020400075,
11491172912533484, 17020618586223519, 24977227684595998, 36330137534730037,
52399323988390800, 74970312310696769, 106442613216887424, 150020753945995350,
209958848600254946, 291872154619420865, 403132070615948152, 553364634410531873,
755076882266721994, 1024440549873276456, 1382268668972612810,
1855227796882500210, 2477337087960173061, 3291815379746124102,
4353349153515887514 ],
[ 0, 0, 0, 0, 0, 0, 0, 0, 0, 0, 0, 0, 0, 0, 0, 0, 0, 0, 0, 0, 4181, 8111524656,
33518232747, 101484637745, 267015896685, 644347980315, 1461410697418,
3157362938401, 6552491784130, 13136830659222, 25549380010319, 48357356900358,
89299254942047, 161233072119616, 285140332398246, 494688575247915,
843064196818429, 1413072395311741, 2331885108153503, 3792331138393823,
6083302786726676, 9632747287367985, 15067877668587765, 23298748586686022,
35633287041260760, 53934354300544151, 80832576065095281, 120012673069714502,
176596047220212210, 257648661162178980, 372851069736427865, 535377151362226848,
763040039556581061, 1079778435490743910, 1517574441556285147,
2118915940199680069, 2939943110427721743, 4054450813587192527,
5558957324947887396, 7579096441688556791, 10277645757197719990,
13864570471763256924, 18609541375897856211 ],
[ 0, 0, 0, 0, 0, 0, 0, 0, 0, 0, 0, 0, 0, 0, 0, 0, 0, 0, 0, 0, 0, 6765,
30169334166, 124963864910, 379680083960, 1003508940494, 2434987618055,
5558203084905, 12095688342718, 25303287825914, 51169096032302, 100435950002135,
191943183713854, 358043744818617, 653231918078433, 1167661522636503,
2048007028735990, 3529203308848790, 5982102285323063, 9984147895753694,
16422977099075335, 26646638112876545, 42679175700145941, 67527044128578839,
105610645514869942, 163366847430522425, 250083346056384815, 379045121845279011,
569098106415687705, 846766918225521390, 1249103809206812189,
1827496834502451305, 2652729180620760080, 3821661538468278923,
5466008959392926244, 7763807059962822982, 10954314843957066410,
15357288850082420504, 21397792995671725907, 29637988859062527853,
40817692228076158998, 55905895290001163940, 76165953619188929940 ],
[ 0, 0, 0, 0, 0, 0, 0, 0, 0, 0, 0, 0, 0, 0, 0, 0, 0, 0, 0, 0, 0, 0, 10946,
112592710833, 467392628445, 1424612772474, 3780867916559, 9220302673400,
21170032891192, 46375389012198, 97724532179168, 199191923889092,
394299570097319, 760305228273078, 1431546904839948, 2637183065918097,
4761216412826548, 8436514691718090, 14690002462891915, 25163905349626694,
42448695069093472, 70578277672792115, 115758383133169101, 187426858452850391,
299781964220292903, 473964799666606802, 741148413433883425, 1146873772883277491,
1757087567055217608, 2666486313303741935, 4009964763791735844,
5978215729651977654, 8838847413687164025, 12964790666151589232,
18872283644622225968, 27271371217093513303, 39132672697330643247,
55775192339500128344, 78981218454888808643, 111145934284366372298,
155471312969519205282, 216216268976674174518, 299017982949287269590 ],
[ 0, 0, 0, 0, 0, 0, 0, 0, 0, 0, 0, 0, 0, 0, 0, 0, 0, 0, 0, 0, 0, 0, 0, 17711,
421503296606, 1753269699477, 5359570673648, 14277889823613, 34979254565015,
80744140193776, 177954017461432, 377515588420934, 775116790493059,
1546363496525529, 3006506462219592, 5710078403615781, 10614230679102817,
19342167033577516, 34601596914531100, 60840020452371065, 105257246168412611,
179350333378349193, 301243171185119470, 499160157896925066, 816551474932530815,
1319580056371901877, 2107955471392365572, 3330470717043417450,
5207094081685968056, 8060127708115663071, 12357815388424761002,
18774925222494280178, 28276324401050658903, 42231498970522890665,
62570469786376891296, 91994764169679303227, 134261202716554030924,
194561475579838522069, 280027085791258888004, 400397562431908371187,
568900299270941961711, 803403446285689862262, 1127919565703940641856 ],
[ 0, 0, 0, 0, 0, 0, 0, 0, 0, 0, 0, 0, 0, 0, 0, 0, 0, 0, 0, 0, 0, 0, 0, 0, 28657,
1582416594721, 6594425030128, 20212657955301, 54033631448285, 132935751319530,
308374695628537, 683433799909563, 1458836418880083, 3015510037398165,
6059579611967178, 11871959522191555, 22730095552074937, 42608356218449393,
78322497291685295, 141371600857632785, 250860632457347164, 438075890358474753,
753558342578187388, 1277909102732793220, 2138111549869750937,
3531925394064641678, 5763978472666297576, 9298656687260697697,
14836908202175535875, 23426813221714498622, 36621456354837501561,
56702572184755668883, 86994997026825567946, 132305636098952912860,
199532060322441196605, 298500756362241331652, 443114441299085286663,
652912937241010445533, 955184397344026991340, 1387805063147555608803,
2003038536134250881265, 2872592621958893120142, 4094316658488558625903 ],
[ 0, 0, 0, 0, 0, 0, 0, 0, 0, 0, 0, 0, 0, 0, 0, 0, 0, 0, 0, 0, 0, 0, 0, 0, 0,
46368, 5956179450670, 24864055630841, 76400196070363, 204892108545945,
506048134655669, 1179234360545844, 2626961097584479, 5639555376054564,
11730200606455960, 23730042069797085, 46824638743080998, 90326279062829550,
170653105922651113, 316256997304971576, 575652916682955110, 1030317343972003757,
1815133136529059727, 3150389360094110794, 5391272366064091006,
9103548732824346333, 15178068082286148852, 25002244734627484217,
40714401757078702694, 65577564176739459997, 104524007351284136564,
164941964112664387746, 257803148869029170262, 399266477024577414304,
612942524368123988381, 933068711438403757585, 1408931804253972922260,
2110988317214500964390, 3139282664099438307120, 4634957359178346303751,
6795901687651879825401, 9897910626899213918449, 14323143814686773034291 ],
[ 0, 0, 0, 0, 0, 0, 0, 0, 0, 0, 0, 0, 0, 0, 0, 0, 0, 0, 0, 0, 0, 0, 0, 0, 0, 0,
75025, 22472540608588, 93961654979195, 289380990814093, 778372554313394,
1929378081378395, 4514928090955534, 10105921545257623, 21810644998663479,
45629209527387268, 92884805871680460, 184504219477558280, 358419142092195295,
682148590721123610, 1273851717135967023, 2337029723108659270,
4216924180720292345, 7490963031716666301, 13111991557684938656,
22632401620585101138, 38550902010771661350, 64843299490124638343,
107766671288513074148, 177065949064332703178, 287767577591863609092,
462822422012271965825, 736967280892747546809, 1162321545566130843712,
1816436311877166991756, 2813785362674910302018, 4322054006199937168825,
6585072681641503622180, 9954896038049565072845, 14936394211767048922522,
22248864238674503882137, 32910665925133002851295, 48354839237405767577806 ],
[ 0, 0, 0, 0, 0, 0, 0, 0, 0, 0, 0, 0, 0, 0, 0, 0, 0, 0, 0, 0, 0, 0, 0, 0, 0, 0,
0, 121393, 84975715354950, 355827393354542, 1098208816036882, 2962083380208519,
7366793779078989, 17306416211374563, 38909657217310326, 84389952584778827,
177503295664150293, 363441409969142450, 726426511855036388, 1420450567356812201,
2722088163173369144, 5119817022039918343, 9462857334119213340,
17205737799554611446, 30804860811905209900, 54353505063559783910,
94586577140901663428, 162452506477274734903, 275546070198296298339,
461835268010058959264, 765315042492794875392, 1254504449127004261717,
2035104128218713750064, 3268691189709581645279, 5200107286994223849350,
8197270513829962455610, 12808615824706494979983, 19845377622812453323205,
30498649703077207345672, 46504823501825581320499, 70377915976064831509390,
105733841147238858240442, 157740352606978441284366 ],
[ 0, 0, 0, 0, 0, 0, 0, 0, 0, 0, 0, 0, 0, 0, 0, 0, 0, 0, 0, 0, 0, 0, 0, 0, 0, 0,
0, 0, 196418, 321977398812931, 1350120764712445, 4175236384741926,
11290314634223953, 28166879051991119, 66411942283905977, 149930686926726963,
326678456699076210, 690592866126470991, 1421712121857487020,
2858198766375232074, 5623393636717984844, 10846278616600603739,
20538117697598590531, 38226530501719280830, 70008214450554912243,
126273851126077861542, 224499276211327641125, 393708676538175740621,
681531193497505325348, 1165238372568143788498, 1968831834400130791782,
3289239669784969068228, 5436102865308981731209, 8891663497962193010539,
14400142085594405469480, 23100034744514604728033, 36718406438315142242150,
57854087366166830806116, 90387472131666340770645, 140069405249421613149116,
215361769176975234035776, 328629653080383257856449, 497821696556466939799309 ],
[ 0, 0, 0, 0, 0, 0, 0, 0, 0, 0, 0, 0, 0, 0, 0, 0, 0, 0, 0, 0, 0, 0, 0, 0, 0, 0,
0, 0, 0, 317811, 1222309116379618, 5132060720504497, 15900331531137604,
43099269724910760, 107836129046196758, 255120928140077138, 578184765793680338,
1265212294078118901, 2687266015789383030, 5560485777239839490,
11239852270356812952, 22242117648401653045, 43161658013086994695,
82250036165716108285, 154100959064015499640, 284151768749053053109,
516132428457226440477, 924239722352594558746, 1632800113996968078305,
2847671817285820742696, 4905858477447668830672, 8353095895957890778782,
14063999311692057642312, 23426380815077790550910, 38621481917361606314628,
63046383434834837630793, 101945495446672717685194, 163347170848304981004776,
259442350218204155953485, 408599079094205615705465, 638285567481889703700808,
989282954183951020721875, 1521717400419841039796328 ],
[ 0, 0, 0, 0, 0, 0, 0, 0, 0, 0, 0, 0, 0, 0, 0, 0, 0, 0, 0, 0, 0, 0, 0, 0, 0, 0,
0, 0, 0, 0, 514229, 4648421680793607, 19540887017817173, 60647534881186018,
164758945733813727, 413355903134878220, 981038503074271347, 2231394736916642574,
4902556135360989087, 10458958517187324267, 21745410799695075702,
44181473766787564554, 87905715625972981019, 171564046008944194521,
328902016998121105387, 620072890912000470912, 1150772227577368147056,
2104198937974208104827, 3793786131214411645914, 6749181890141487688859,
11854881795955714404234, 20571372786037843475662, 35284301957131440940630,
59850408935200400089036, 100443126807224165324443, 166850612348716669360942,
274451152602566318595996, 447194637983465905787610, 722066825928297018652884,
1155722909213602774748674, 1834272261156466321959069, 2887609433081912233814632,
4510261037604274128411587 ],
[ 0, 0, 0, 0, 0, 0, 0, 0, 0, 0, 0, 0, 0, 0, 0, 0, 0, 0, 0, 0, 0, 0, 0, 0, 0, 0,
0, 0, 0, 0, 0, 832040, 17707127216679689, 74521680299450735, 231664431326449682,
630677001558648709, 1586315772057613090, 3776124913081123335,
8618071262653112172, 19006369788974184396, 40716288729746377728,
85035674891580114240, 173607494805887209142, 347193213441134333470,
681283025969183911775, 1313489694936623414423, 2490943823836915616760,
4651196156370316004877, 8558553906769670505759, 15531039987007740606907,
27813825433528200235572, 49186847064117195680120, 85942978027123290361134,
148446729688439261520106, 253593838658355576151412, 428656186543267145720429,
717238468250981900036095, 1188427037055608843582952, 1950725411640637257173098,
3173112014961772590644262, 5116616705102735846627231, 8181321552031507887808285,
12975823472828281294721664 ],
[ 0, 0, 0, 0, 0, 0, 0, 0, 0, 0, 0, 0, 0, 0, 0, 0, 0, 0, 0, 0, 0, 0, 0, 0, 0, 0,
0, 0, 0, 0, 0, 0, 1346269, 67555859783267502, 284619038527559480,
886147649083003863, 2417189443328398294, 6094447080585634045,
14548168391724366555, 33308706918305953806, 73721281121286060366,
158547642291036292923, 332532406401212018342, 681988507140743971172,
1370507221864207235997, 2703062581725094573700, 5239402930789658615528,
9991834345691539719537, 18765636298349376702186, 34737571657980765233022,
63427168503544028905618, 114308651962194623245112, 203456602089162799534844,
357842416148711843873326, 622241012219749190231026, 1070225795098507195036724,
1821508711748782998483609, 3069042243830614827469162, 5121014427356806707511125,
8465382109330090954875847, 13868248110121888844369622,
22522680238624422982084136, 36272170261985851780524949 ],
[ 0, 0, 0, 0, 0, 0, 0, 0, 0, 0, 0, 0, 0, 0, 0, 0, 0, 0, 0, 0, 0, 0, 0, 0, 0, 0,
0, 0, 0, 0, 0, 0, 0, 2178309, 258112331002621484, 1088552079686003571,
3394048794776489676, 9275336639339828773, 23438706873329979555,
56098896639187960845, 128827792321347632607, 286089687066661419063,
617548150172642624466, 1300418503392316223642, 2678507614285659557960,
5407348901333057464491, 10716648502434343767242, 20878012465269992952501,
40027075609078415667867, 75589654725161383962042, 140724803782050921728271,
258459893358261554915648, 468609619365470837093794, 839226505892870576629834,
1485351882802103156110786, 2599412698153934425244406, 4500020661015178400838209,
7709586528479481182234773, 13076661276435982099045657,
21967120632839992015410144, 36560458398263675196614846,
60305311692567534870916696, 98614405582407220217372197 ],
[ 0, 0, 0, 0, 0, 0, 0, 0, 0, 0, 0, 0, 0, 0, 0, 0, 0, 0, 0, 0, 0, 0, 0, 0, 0, 0,
0, 0, 0, 0, 0, 0, 0, 0, 3524578, 987523691876650227, 4168721835304773076,
13015567785003776774, 35631658997071861695, 90232906013269672695,
216504889174199724294, 498603857267505533211, 1110771743798452567989,
2406062985476896725045, 5085841564317916450614, 10518139490763784202560,
21326147421604135745128, 42459741798617742300933, 83118752445823948884225,
160158220036389641213739, 304039653321602164923348, 569103362175908121000312,
1051089726901135745825202, 1916686412045195170282730, 3452814666525151610704798,
6147984688241873834762702, 10825242054747710247816895,
18857330706899765973831037, 32511693077522177075048210,
55498726246643717238745219, 93835563705603203614310871,
157195712532233623036902036, 261001005783910708861764848 ],
[ 0, 0, 0, 0, 0, 0, 0, 0, 0, 0, 0, 0, 0, 0, 0, 0, 0, 0, 0, 0, 0, 0, 0, 0, 0, 0,
0, 0, 0, 0, 0, 0, 0, 0, 0, 5702887, 3783074408992790089, 15984262932225976732,
49970268486141900836, 137026342895000346000, 347701942319486116794,
836243550091679014101, 1931018060256325666350, 4314770923335536571060,
9377184363182977300482, 19892289483066730456050, 41298549871792093440520,
84080078435865521058439, 168130759500866369358768, 330640221378050569539966,
640153206792008427885846, 1221315002378501575697838, 2297893140940592606528802,
4266698859778811510011268, 7823177100037435054271620,
14172482461602896075540440, 25380560002334601427490655,
44952287281951441748988556, 78774418298019170600084878,
136639343987322206887491699, 234685567849494350451392686,
399272948704133420702988825, 673085410025409753084208694 ],
[ 0, 0, 0, 0, 0, 0, 0, 0, 0, 0, 0, 0, 0, 0, 0, 0, 0, 0, 0, 0, 0, 0, 0, 0, 0, 0,
0, 0, 0, 0, 0, 0, 0, 0, 0, 0, 9227465, 14510063426269301667,
61360455935776636629, 192059884233869007371, 527484897550095518729,
1341036385323430403570, 3232471648741129897139, 7483284446626791614471,
16768626158354417727539, 36556964970407694612010, 77814167477326022053475,
162142664553302745824225, 331398547861496241846967, 665426408488316349890005,
1314311365201403224447168, 2556257522629269405653635, 4900144989142940602301026,
9265061005419048169021390, 17290941697852623865409148,
31870104959807700934912078, 58047042142464245151064865,
104525979236080728779651825, 186171787437462179049975378,
328119315777169373296994861, 572463688369878876093235777,
989056324447165601914602445, 1692777707963227118621844366 ],
[ 0, 0, 0, 0, 0, 0, 0, 0, 0, 0, 0, 0, 0, 0, 0, 0, 0, 0, 0, 0, 0, 0, 0, 0, 0, 0,
0, 0, 0, 0, 0, 0, 0, 0, 0, 0, 0, 14930352, 55717534594583608127,
235810696902503707204, 738946664130941669520, 2032506755750898821819,
5176628789232971697694, 12504305129621293044912, 29017783641356290876388,
65198890582470581028741, 142561392504496263800085, 304433569371864817360600,
636562162108812597305530, 1305887838449947198026126, 2632471494201642973873249,
5221092289255570423185593, 10198886882265971144533026,
19639133909347757244443344, 37307978788716498070879922,
69965135826003878277877846, 129604646964255854098685943,
237274304488003796220561050, 429519713675936989063413917,
769150063617646910903441993, 1363054065958533005778795802,
2391414363662684767694946632, 4155191756100330573326313706 ],
[ 0, 0, 0, 0, 0, 0, 0, 0, 0, 0, 0, 0, 0, 0, 0, 0, 0, 0, 0, 0, 0, 0, 0, 0, 0, 0,
0, 0, 0, 0, 0, 0, 0, 0, 0, 0, 0, 0, 24157817, 214183512629197957680,
907177449280927277935, 2845888843576628928884, 7838801163321905993558,
19999055142551602793209, 48405432853262737557239, 112588343982307313008624,
253619023709451481706880, 556120515914848479599095, 1191222614863154791055725,
2499065725978214801787040, 5144903714601734961097597,
10410283669297387680752284, 20728873592412789963162266,
40659818826894726380370646, 78634150566380742700184314,
150051285091000924432444028, 282707203699274799857699419,
526206584154009523951383451, 968112038160436993956761105,
1761373436944853489341421926, 3170463526963392418985362832,
5648249516403736261139275522, 9962917736728115387003332569 ],
[ 0, 0, 0, 0, 0, 0, 0, 0, 0, 0, 0, 0, 0, 0, 0, 0, 0, 0, 0, 0, 0, 0, 0, 0, 0, 0,
0, 0, 0, 0, 0, 0, 0, 0, 0, 0, 0, 0, 0, 39088169, 824189809072032270018,
3493426496872462042945, 10970587197189585429562, 30258271572675456610235,
77323592836198897950558, 187510637628861105786461, 437090410546570185751640,
987002125131151505009925, 2170058764326558898854850, 4661924163691976595950075,
9811117084874338190009464, 20266592209574830728223391,
41154590392829937995976955, 82256182541414903492859390,
161985315193625970270123732, 314567876717927006907703778,
602846696466969257650027477, 1140865796652191062803934490,
2133273755059552788460628140, 3943359402944009196543690805,
7209351954674052266628219147, 13041308296962043919388229348,
23351326725768242707672736996 ],
[ 0, 0, 0, 0, 0, 0, 0, 0, 0, 0, 0, 0, 0, 0, 0, 0, 0, 0, 0, 0, 0, 0, 0, 0, 0, 0,
0, 0, 0, 0, 0, 0, 0, 0, 0, 0, 0, 0, 0, 0, 63245986, 3174628159761373189235,
13465427233948192803417, 42328138048008362369824, 116895517361634902428615,
299184985903058995840575, 726847351395422899013974, 1697811756812569838218745,
3842772093677933251096275, 8470508992305224227733945,
18247934087366536858381714, 38518754498565873853005131,
79823417772006145262931815, 162648452378031061947446858,
326260286964863903802820949, 644930585635915003219170569,
1257380556250093645289089044, 2419599203208964035454528204,
4598542879651335415300179483, 8636588942082740611159857974,
16037210403100563512925561388, 29456314872619637628350966263,
53539237607377422609118431348 ],
[ 0, 0, 0, 0, 0, 0, 0, 0, 0, 0, 0, 0, 0, 0, 0, 0, 0, 0, 0, 0, 0, 0, 0, 0, 0, 0,
0, 0, 0, 0, 0, 0, 0, 0, 0, 0, 0, 0, 0, 0, 0, 102334155, 12239451447556688841771,
51949089978269747990445, 163454720721699896614274, 451954304434719627113068,
1158454183140113333624790, 2819258517574238827438995, 6598424849084560837780940,
14967767607369064540218090, 33073667465180434051104774,
71440075396376374031833885, 151233078519504949298530409,
314367975756623495919672811, 642649897742284623260932261,
1293553451425297002997767278, 2566279477537616722807640150,
5022266127160095874550226974, 9702545308702301607612140968,
18515486401052683744515273791, 34921212948584255638560787450,
65127420520433651549255647015, 120158244826633653839522194828 ],
[ 0, 0, 0, 0, 0, 0, 0, 0, 0, 0, 0, 0, 0, 0, 0, 0, 0, 0, 0, 0, 0, 0, 0, 0, 0, 0,
0, 0, 0, 0, 0, 0, 0, 0, 0, 0, 0, 0, 0, 0, 0, 0, 165580141,
47229687695006628175081, 200588748199099443591071, 631709956943887424667122,
1748714348417392412701493, 4488654378344294521986970,
10941842792005565292154940, 25657590628758482103559280,
58324478917586527761422709, 129178153819610139254029934,
279738700562179372450662319, 593811767081618513438234727,
1237985165271035629510740678, 2538673371049769533708990553,
5126824263860626621641697653, 10206395860840594814503297694,
20046642623791663740288763194, 38874649234981574923155909768,
74476043950870608699394665335, 141035904862622928225320160690,
264130079259746421745264347913 ],
[ 0, 0, 0, 0, 0, 0, 0, 0, 0, 0, 0, 0, 0, 0, 0, 0, 0, 0, 0, 0, 0, 0, 0, 0, 0, 0,
0, 0, 0, 0, 0, 0, 0, 0, 0, 0, 0, 0, 0, 0, 0, 0, 0, 267914296,
182403918681889528419685, 775155504594118724146777, 2443284440508947147180270,
6771059693791980375025811, 17403614185750094912262395,
42491296183669565161499710, 99818033501079287695145624,
227364010775654019798952383, 504694305819072278608219688,
1095589288121794274364182264, 2331760626178016945344163454,
4874961670946476470437159317, 10026755918602948021598108214,
20312984084345675949511098661, 40573249861318607437427707524,
79968346400901215478726788240, 155637993613349732404086286827,
299294429591823557586787126993, 568985907534125150292865168730 ],
[ 0, 0, 0, 0, 0, 0, 0, 0, 0, 0, 0, 0, 0, 0, 0, 0, 0, 0, 0, 0, 0, 0, 0, 0, 0, 0,
0, 0, 0, 0, 0, 0, 0, 0, 0, 0, 0, 0, 0, 0, 0, 0, 0, 0, 433494437,
705021585098641367867554, 2997842023832515350907336, 9456959921957992927928341,
26235810891596936605468850, 67520737463294347412583965,
165102638638552816118041824, 388519362861892183382799002,
886676547896039638557131496, 1972417553374766455629721285,
4291698235980725267429025803, 9157083326537213869291212264,
19196139981309144329805831424, 39595622605821106852705975000,
80459224005496292301565116025, 161222424361141071597317307998,
318824942111555964898589950358, 622673140696526879218872385746,
1201744511986923492977359106043 ],
[ 0, 0, 0, 0, 0, 0, 0, 0, 0, 0, 0, 0, 0, 0, 0, 0, 0, 0, 0, 0, 0, 0, 0, 0, 0, 0,
0, 0, 0, 0, 0, 0, 0, 0, 0, 0, 0, 0, 0, 0, 0, 0, 0, 0, 0, 701408733,
2727119356137942357701200, 11602494067576099773108429,
36629956693303943826000580, 101723176790306534644722735,
262119003114901063168771234, 641864943545119347602523506,
1512934452282270298719314768, 3459211008773735820490898139,
7710787920742309966353048606, 16815040109848257733723931589,
35964378655431819594897301597, 75587653071310703416030042092,
156342705382991107089258074563, 318616858155458209743725813299,
640393366586785005065475151888, 1270472203380601142103382093402,
2489571422250625083308238756437 ],
[ 0, 0, 0, 0, 0, 0, 0, 0, 0, 0, 0, 0, 0, 0, 0, 0, 0, 0, 0, 0, 0, 0, 0, 0, 0, 0,
0, 0, 0, 0, 0, 0, 0, 0, 0, 0, 0, 0, 0, 0, 0, 0, 0, 0, 0, 0, 1134903170,
10556615895287414334882423, 44936858442156737378329804,
141976219591526179199116450, 394658236956088349198402929,
1018153400497053767556395405, 2496666021801123287978454844,
5894200272061443362275679840, 13500597220408718058447244191,
30152705112708581753555313175, 65895345745035566356708331640,
141264710190050031442062308099, 297638081569986305536108771752,
617250198295319808628138205076, 1261435481564132505625495622793,
2542843996702295201315734866280, 5060294739273054375430470927688 ],
[ 0, 0, 0, 0, 0, 0, 0, 0, 0, 0, 0, 0, 0, 0, 0, 0, 0, 0, 0, 0, 0, 0, 0, 0, 0, 0,
0, 0, 0, 0, 0, 0, 0, 0, 0, 0, 0, 0, 0, 0, 0, 0, 0, 0, 0, 0, 0, 1836311903,
40893138246035546942901823, 174160525793001700374805060,
550651688457238387327800164, 1532100408541871512699685584,
3957051106182491008918329674, 9716198375532905935761279792,
22973163612170874594843098180, 52709493896558604709038374142,
117944987702721395007126158470, 258285561224223779699459272479,
554936790850783496679227860178, 1172013122416550873306233545588,
2436724720012979248410759254473, 4993166502679161386469993015693,
10093886692575694137019739138168 ],
[ 0, 0, 0, 0, 0, 0, 0, 0, 0, 0, 0, 0, 0, 0, 0, 0, 0, 0, 0, 0, 0, 0, 0, 0, 0, 0,
0, 0, 0, 0, 0, 0, 0, 0, 0, 0, 0, 0, 0, 0, 0, 0, 0, 0, 0, 0, 0, 0, 2971215073,
158514311529304427232595355, 675429705316255066764779459,
2137022371709955367467219393, 5951243245866262463139581903,
15387381836835003951205931734, 37830650207478349450878871229,
89578117803808305826867851077, 205864086605002000320573330474,
461483698901381623070384006195, 1012591430041750775359014146164,
2180241404223306280028397133762, 4615170743643174047100675598561,
9618799428513802421784495001039, 19761139765153947776742231492496 ],
[ 0, 0, 0, 0, 0, 0, 0, 0, 0, 0, 0, 0, 0, 0, 0, 0, 0, 0, 0, 0, 0, 0, 0, 0, 0, 0,
0, 0, 0, 0, 0, 0, 0, 0, 0, 0, 0, 0, 0, 0, 0, 0, 0, 0, 0, 0, 0, 0, 0, 4807526976,
614846632610401084365680749, 2621093348500699467187053092,
8298529343788216684204343696, 23129849511268045553241469365,
59866493661590552077218404843, 147365394062090156853231562078,
349431927515141116302283387499, 804311443287380299517002394859,
1806154196967934458310370965815, 3970608254175448699825013993348,
8566806916936750003535142584165, 18174345128621610166188879013332,
37967429641032003190200379739740 ],
[ 0, 0, 0, 0, 0, 0, 0, 0, 0, 0, 0, 0, 0, 0, 0, 0, 0, 0, 0, 0, 0, 0, 0, 0, 0, 0,
0, 0, 0, 0, 0, 0, 0, 0, 0, 0, 0, 0, 0, 0, 0, 0, 0, 0, 0, 0, 0, 0, 0, 0,
7778742049, 2386349750001843830735819996, 10177612275306167187402693203,
32243564544436350648178402274, 89944231528411154005189961166,
233034804227487856446637057373, 574307651781547951091083285398,
1363632386913366210949425455579, 3143518051973703569132633417145,
7070868222704735251887484754471, 15572855591471807407565837917511,
33665761891315371806835423241349, 71573015762456897361431224655761 ],
[ 0, 0, 0, 0, 0, 0, 0, 0, 0, 0, 0, 0, 0, 0, 0, 0, 0, 0, 0, 0, 0, 0, 0, 0, 0, 0,
0, 0, 0, 0, 0, 0, 0, 0, 0, 0, 0, 0, 0, 0, 0, 0, 0, 0, 0, 0, 0, 0, 0, 0, 0,
12586269025, 9267438971491056560467104024, 39542144031049814157558963995,
125350267860149556988995430466, 349945578606354902050470680749,
907544467901697571628642715235, 2239156948039608828613827410603,
5323544358368994096611454751394, 12290002339785444012923747178312,
27689044546906148413192490902877, 61089626996476658952037813016320,
132316625534089521204474967417046 ],
[ 0, 0, 0, 0, 0, 0, 0, 0, 0, 0, 0, 0, 0, 0, 0, 0, 0, 0, 0, 0, 0, 0, 0, 0, 0, 0,
0, 0, 0, 0, 0, 0, 0, 0, 0, 0, 0, 0, 0, 0, 0, 0, 0, 0, 0, 0, 0, 0, 0, 0, 0, 0,
20365011074, 36010877378734004189010630847, 153714849758718451877439638865,
487572033286974832969339059756, 1362216550377537633756706882019,
3536045816039955949256970807293, 8733917242728084207479644946395,
20790660247310480758755362510129, 48064963443803594595067415023665,
108457187693716093273925775676882, 239692326995205824547683891142776 ],
[ 0, 0, 0, 0, 0, 0, 0, 0, 0, 0, 0, 0, 0, 0, 0, 0, 0, 0, 0, 0, 0, 0, 0, 0, 0, 0,
0, 0, 0, 0, 0, 0, 0, 0, 0, 0, 0, 0, 0, 0, 0, 0, 0, 0, 0, 0, 0, 0, 0, 0, 0, 0, 0,
32951280099, 140005970831096474928150871989, 597865756368776016757119002181,
1897470806816721271670496485672, 5305208322498674333887728660368,
13783634761401355272810338969468, 34080995547390978302807708855346,
81225933803120779622465411307926, 188036588972538609557912772723729,
424934196938617663087717225779489 ],
[ 0, 0, 0, 0, 0, 0, 0, 0, 0, 0, 0, 0, 0, 0, 0, 0, 0, 0, 0, 0, 0, 0, 0, 0, 0, 0,
0, 0, 0, 0, 0, 0, 0, 0, 0, 0, 0, 0, 0, 0, 0, 0, 0, 0, 0, 0, 0, 0, 0, 0, 0, 0, 0,
0, 53316291173, 544614733410104225990286581957, 2326565168648430466403058593131,
7387987807148224389005723375790, 20671024056729062511997303263425,
53752533828530651570240577733236, 133041909919982942297422826736613,
317450166608182398840242886564010, 735850802501199828545727748725038 ],
[ 0, 0, 0, 0, 0, 0, 0, 0, 0, 0, 0, 0, 0, 0, 0, 0, 0, 0, 0, 0, 0, 0, 0, 0, 0, 0,
0, 0, 0, 0, 0, 0, 0, 0, 0, 0, 0, 0, 0, 0, 0, 0, 0, 0, 0, 0, 0, 0, 0, 0, 0, 0, 0,
0, 0, 86267571272, 2119599295931040224318050373189,
9058209547972613205515866236557, 28779574798149299403080246127634,
80578243783469027362044046981407, 209709048963864590955807855960234,
519555878523724156716232084386457, 1241098911044067173775739466414152 ],
[ 0, 0, 0, 0, 0, 0, 0, 0, 0, 0, 0, 0, 0, 0, 0, 0, 0, 0, 0, 0, 0, 0, 0, 0, 0, 0,
0, 0, 0, 0, 0, 0, 0, 0, 0, 0, 0, 0, 0, 0, 0, 0, 0, 0, 0, 0, 0, 0, 0, 0, 0, 0, 0,
0, 0, 0, 139583862445, 8253377918886446947593383175302,
35283970111481149695548158922174, 112161161000539889459135077050763,
314241261101212437444839619327846, 818488315327194342933706040940735,
2029731021605624699808897828420929 ],
[ 0, 0, 0, 0, 0, 0, 0, 0, 0, 0, 0, 0, 0, 0, 0, 0, 0, 0, 0, 0, 0, 0, 0, 0, 0, 0,
0, 0, 0, 0, 0, 0, 0, 0, 0, 0, 0, 0, 0, 0, 0, 0, 0, 0, 0, 0, 0, 0, 0, 0, 0, 0, 0,
0, 0, 0, 0, 225851433717, 32152573313746552972734476547902,
137503329070232051866838213272509, 437314315262094126720808578694816,
1226004065114636635530028006146451, 3195797146497242307191670214188889 ],
[ 0, 0, 0, 0, 0, 0, 0, 0, 0, 0, 0, 0, 0, 0, 0, 0, 0, 0, 0, 0, 0, 0, 0, 0, 0, 0,
0, 0, 0, 0, 0, 0, 0, 0, 0, 0, 0, 0, 0, 0, 0, 0, 0, 0, 0, 0, 0, 0, 0, 0, 0, 0, 0,
0, 0, 0, 0, 0, 365435296162, 125313722724524841940993484393835,
536096267492387891920418596484702, 1705813190754143424557014295820426,
4785175776973750993054285951576177 ],
[ 0, 0, 0, 0, 0, 0, 0, 0, 0, 0, 0, 0, 0, 0, 0, 0, 0, 0, 0, 0, 0, 0, 0, 0, 0, 0,
0, 0, 0, 0, 0, 0, 0, 0, 0, 0, 0, 0, 0, 0, 0, 0, 0, 0, 0, 0, 0, 0, 0, 0, 0, 0, 0,
0, 0, 0, 0, 0, 0, 591286729879, 488622691035199532303108655267395,
2091026920406053140390573474085946, 6656556832266188769856943726160808 ],
[ 0, 0, 0, 0, 0, 0, 0, 0, 0, 0, 0, 0, 0, 0, 0, 0, 0, 0, 0, 0, 0, 0, 0, 0, 0, 0,
0, 0, 0, 0, 0, 0, 0, 0, 0, 0, 0, 0, 0, 0, 0, 0, 0, 0, 0, 0, 0, 0, 0, 0, 0, 0, 0,
0, 0, 0, 0, 0, 0, 0, 956722026041, 1906050014878632728913132669774271,
8159386899569669607505674534586999 ],
[ 0, 0, 0, 0, 0, 0, 0, 0, 0, 0, 0, 0, 0, 0, 0, 0, 0, 0, 0, 0, 0, 0, 0, 0, 0, 0,
0, 0, 0, 0, 0, 0, 0, 0, 0, 0, 0, 0, 0, 0, 0, 0, 0, 0, 0, 0, 0, 0, 0, 0, 0, 0, 0,
0, 0, 0, 0, 0, 0, 0, 0, 1548008755920, 7438313726549861304118831281986021 ],
[ 0, 0, 0, 0, 0, 0, 0, 0, 0, 0, 0, 0, 0, 0, 0, 0, 0, 0, 0, 0, 0, 0, 0, 0, 0, 0,
0, 0, 0, 0, 0, 0, 0, 0, 0, 0, 0, 0, 0, 0, 0, 0, 0, 0, 0, 0, 0, 0, 0, 0, 0, 0, 0,
0, 0, 0, 0, 0, 0, 0, 0, 0, 2504730781961 ]
];

R := RealField(30);

for k := 1 to #S do

"k =", k-1;
for n := k to #S[k] do
R! S[k,n] / Binomial((n-1)+(k-1)+1,k-1);
end for;
"\n";
