Polynomials Omega(0) up to Omega(62)

Each array displays the coefficient of x^k in Omega(0) to Omega(62)


k=0
[ 1, 0, 1, 1, 2, 3, 5, 8, 13, 21, 34, 55, 89, 144, 233, 377, 610, 987, 1597,
2584, 4181, 6765, 10946, 17711, 28657, 46368, 75025, 121393, 196418, 317811,
514229, 832040, 1346269, 2178309, 3524578, 5702887, 9227465, 14930352, 24157817,
39088169, 63245986, 102334155, 165580141, 267914296, 433494437, 701408733,
1134903170, 1836311903, 2971215073, 4807526976, 7778742049, 12586269025,
20365011074, 32951280099, 53316291173, 86267571272, 139583862445, 225851433717,
365435296162, 591286729879, 956722026041, 1548008755920, 2504730781961 ]


k=1
[ 0, 1, 1, 4, 9, 25, 69, 203, 623, 1990, 6559, 22161, 76334, 266957, 945029,
3378838, 12181322, 44226887, 161556686, 593305567, 2189163304, 8111524656,
30169334166, 112592710833, 421503296606, 1582416594721, 5956179450670,
22472540608588, 84975715354950, 321977398812931, 1222309116379618,
4648421680793607, 17707127216679689, 67555859783267502, 258112331002621484,
987523691876650227, 3783074408992790089, 14510063426269301667,
55717534594583608127, 214183512629197957680, 824189809072032270018,
3174628159761373189235, 12239451447556688841771, 47229687695006628175081,
182403918681889528419685, 705021585098641367867554, 2727119356137942357701200,
10556615895287414334882423, 40893138246035546942901823,
158514311529304427232595355, 614846632610401084365680749,
2386349750001843830735819996, 9267438971491056560467104024,
36010877378734004189010630847, 140005970831096474928150871989,
544614733410104225990286581957, 2119599295931040224318050373189,
8253377918886446947593383175302, 32152573313746552972734476547902,
125313722724524841940993484393835, 488622691035199532303108655267395,
1906050014878632728913132669774271, 7438313726549861304118831281986021 ]

k=2
[ 0, 0, 1, 2, 8, 23, 72, 222, 703, 2272, 7510, 25325, 86907, 302682, 1067366,
3803355, 13672353, 49519830, 180519543, 661784139, 2438154488, 9022288323,
33518232747, 124963864910, 467392628445, 1753269699477, 6594425030128,
24864055630841, 93961654979195, 355827393354542, 1350120764712445,
5132060720504497, 19540887017817173, 74521680299450735, 284619038527559480,
1088552079686003571, 4168721835304773076, 15984262932225976732,
61360455935776636629, 235810696902503707204, 907177449280927277935,
3493426496872462042945, 13465427233948192803417, 51949089978269747990445,
200588748199099443591071, 775155504594118724146777, 2997842023832515350907336,
11602494067576099773108429, 44936858442156737378329804,
174160525793001700374805060, 675429705316255066764779459,
2621093348500699467187053092, 10177612275306167187402693203,
39542144031049814157558963995, 153714849758718451877439638865,
597865756368776016757119002181, 2326565168648430466403058593131,
9058209547972613205515866236557, 35283970111481149695548158922174,
137503329070232051866838213272509, 536096267492387891920418596484702,
2091026920406053140390573474085946, 8159386899569669607505674534586999 ]


k=3
[ 0, 0, 0, 1, 3, 13, 44, 152, 511, 1725, 5854, 20065, 69519, 243477, 861366,
3075187, 11067855, 40118503, 146333278, 536707334, 1978130043, 7322572395,
27212463512, 101484637745, 379680083960, 1424612772474, 5359570673648,
20212657955301, 76400196070363, 289380990814093, 1098208816036882,
4175236384741926, 15900331531137604, 60647534881186018, 231664431326449682,
886147649083003863, 3394048794776489676, 13015567785003776774,
49970268486141900836, 192059884233869007371, 738946664130941669520,
2845888843576628928884, 10970587197189585429562, 42328138048008362369824,
163454720721699896614274, 631709956943887424667122, 2443284440508947147180270,
9456959921957992927928341, 36629956693303943826000580,
141976219591526179199116450, 550651688457238387327800164,
2137022371709955367467219393, 8298529343788216684204343696,
32243564544436350648178402274, 125350267860149556988995430466,
487572033286974832969339059756, 1897470806816721271670496485672,
7387987807148224389005723375790, 28779574798149299403080246127634,
112161161000539889459135077050763, 437314315262094126720808578694816,
1705813190754143424557014295820426, 6656556832266188769856943726160808 ]


k = 4
[ 0, 0, 0, 0, 1, 4, 19, 73, 275, 997, 3572, 12717, 45274, 161650, 579852,
2091154, 7583239, 27647428, 101308915, 372964023, 1378927861, 5118094321,
19064142112, 71241588975, 267015896685, 1003508940494, 3780867916559,
14277889823613, 54033631448285, 204892108545945, 778372554313394,
2962083380208519, 11290314634223953, 43099269724910760, 164758945733813727,
630677001558648709, 2417189443328398294, 9275336639339828773,
35631658997071861695, 137026342895000346000, 527484897550095518729,
2032506755750898821819, 7838801163321905993558, 30258271572675456610235,
116895517361634902428615, 451954304434719627113068, 1748714348417392412701493,
6771059693791980375025811, 26235810891596936605468850,
101723176790306534644722735, 394658236956088349198402929,
1532100408541871512699685584, 5951243245866262463139581903,
23129849511268045553241469365, 89944231528411154005189961166,
349945578606354902050470680749, 1362216550377537633756706882019,
5305208322498674333887728660368, 20671024056729062511997303263425,
80578243783469027362044046981407, 314241261101212437444839619327846,
1226004065114636635530028006146451, 4785175776973750993054285951576177 ]


k=5
[ 0, 0, 0, 0, 0, 1, 5, 26, 111, 452, 1754, 6645, 24784, 91684, 337873, 1244010,
4584390, 16927315, 62660360, 232600550, 865910402, 3232672180, 12101291152,
45417616977, 170873800284, 644347980315, 2434987618055, 9220302673400,
34979254565015, 132935751319530, 506048134655669, 1929378081378395,
7366793779078989, 28166879051991119, 107836129046196758, 413355903134878220,
1586315772057613090, 6094447080585634045, 23438706873329979555,
90232906013269672695, 347701942319486116794, 1341036385323430403570,
5176628789232971697694, 19999055142551602793209, 77323592836198897950558,
299184985903058995840575, 1158454183140113333624790, 4488654378344294521986970,
17403614185750094912262395, 67520737463294347412583965,
262119003114901063168771234, 1018153400497053767556395405,
3957051106182491008918329674, 15387381836835003951205931734,
59866493661590552077218404843, 233034804227487856446637057373,
907544467901697571628642715235, 3536045816039955949256970807293,
13783634761401355272810338969468, 53752533828530651570240577733236,
209709048963864590955807855960234, 818488315327194342933706040940735,
3195797146497242307191670214188889 ]


k=6
[ 0, 0, 0, 0, 0, 0, 1, 6, 34, 159, 695, 2870, 11459, 44697, 171749, 653629,
2473108, 9327275, 35126287, 132246926, 498135477, 1878141037, 7090142132,
26803971165, 101483506349, 384817368614, 1461410697418, 5558203084905,
21170032891192, 80744140193776, 308374695628537, 1179234360545844,
4514928090955534, 17306416211374563, 66411942283905977, 255120928140077138,
981038503074271347, 3776124913081123335, 14548168391724366555,
56098896639187960845, 216504889174199724294, 836243550091679014101,
3232471648741129897139, 12504305129621293044912, 48405432853262737557239,
187510637628861105786461, 726847351395422899013974, 2819258517574238827438995,
10941842792005565292154940, 42491296183669565161499710,
165102638638552816118041824, 641864943545119347602523506,
2496666021801123287978454844, 9716198375532905935761279792,
37830650207478349450878871229, 147365394062090156853231562078,
574307651781547951091083285398, 2239156948039608828613827410603,
8733917242728084207479644946395, 34080995547390978302807708855346,
133041909919982942297422826736613, 519555878523724156716232084386457,
2029731021605624699808897828420929 ]


k=7
[ 0, 0, 0, 0, 0, 0, 0, 1, 7, 43, 218, 1017, 4448, 18660, 75980, 303008, 1190827,
4632607, 17896866, 68819017, 263840614, 1009700614, 3860362000, 14753889553,
56390897467, 215605900439, 824796491870, 3157362938401, 12095688342718,
46375389012198, 177954017461432, 683433799909563, 2626961097584479,
10105921545257623, 38909657217310326, 149930686926726963, 578184765793680338,
2231394736916642574, 8618071262653112172, 33308706918305953806,
128827792321347632607, 498603857267505533211, 1931018060256325666350,
7483284446626791614471, 29017783641356290876388, 112588343982307313008624,
437090410546570185751640, 1697811756812569838218745, 6598424849084560837780940,
25657590628758482103559280, 99818033501079287695145624,
388519362861892183382799002, 1512934452282270298719314768,
5894200272061443362275679840, 22973163612170874594843098180,
89578117803808305826867851077, 349431927515141116302283387499,
1363632386913366210949425455579, 5323544358368994096611454751394,
20790660247310480758755362510129, 81225933803120779622465411307926,
317450166608182398840242886564010, 1241098911044067173775739466414152 ]


k=8
[ 0, 0, 0, 0, 0, 0, 0, 0, 1, 8, 53, 289, 1432, 6607, 29043, 123222, 509484,
2066831, 8267631, 32731170, 128600385, 502478187, 1955489568, 7588536015,
29389995876, 113673831798, 439289351338, 1696785392296, 6552491784130,
25303287825914, 97724532179168, 377515588420934, 1458836418880083,
5639555376054564, 21810644998663479, 84389952584778827, 326678456699076210,
1265212294078118901, 4902556135360989087, 19006369788974184396,
73721281121286060366, 286089687066661419063, 1110771743798452567989,
4314770923335536571060, 16768626158354417727539, 65198890582470581028741,
253619023709451481706880, 987002125131151505009925, 3842772093677933251096275,
14967767607369064540218090, 58324478917586527761422709,
227364010775654019798952383, 886676547896039638557131496,
3459211008773735820490898139, 13500597220408718058447244191,
52709493896558604709038374142, 205864086605002000320573330474,
804311443287380299517002394859, 3143518051973703569132633417145,
12290002339785444012923747178312, 48064963443803594595067415023665,
188036588972538609557912772723729, 735850802501199828545727748725038 ]


k=9
[ 0, 0, 0, 0, 0, 0, 0, 0, 0, 1, 9, 64, 373, 1955, 9483, 43571, 192281, 823327,
3445540, 14169187, 57491963, 230884308, 919902626, 3642892325, 14358962563,
56395977144, 220897458274, 863451173278, 3369867864215, 13136830659222,
51169096032302, 199191923889092, 775116790493059, 3015510037398165,
11730200606455960, 45629209527387268, 177503295664150293, 690592866126470991,
2687266015789383030, 10458958517187324267, 40716288729746377728,
158547642291036292923, 617548150172642624466, 2406062985476896725045,
9377184363182977300482, 36556964970407694612010, 142561392504496263800085,
556120515914848479599095, 2170058764326558898854850, 8470508992305224227733945,
33073667465180434051104774, 129178153819610139254029934,
504694305819072278608219688, 1972417553374766455629721285,
7710787920742309966353048606, 30152705112708581753555313175,
117944987702721395007126158470, 461483698901381623070384006195,
1806154196967934458310370965815, 7070868222704735251887484754471,
27689044546906148413192490902877, 108457187693716093273925775676882,
424934196938617663087717225779489 ]


k=10
[ 0, 0, 0, 0, 0, 0, 0, 0, 0, 0, 1, 10, 76, 471, 2602, 13230, 63395, 290510,
1286725, 5550875, 23458237, 97543635, 400451642, 1627425027, 6560783344,
26280086026, 104731673950, 415677977886, 1644447647711, 6488611877572,
25549380010319, 100435950002135, 394299570097319, 1546363496525529,
6059579611967178, 23730042069797085, 92884805871680460, 363441409969142450,
1421712121857487020, 5560485777239839490, 21745410799695075702,
85035674891580114240, 332532406401212018342, 1300418503392316223642,
5085841564317916450614, 19892289483066730456050, 77814167477326022053475,
304433569371864817360600, 1191222614863154791055725, 4661924163691976595950075,
18247934087366536858381714, 71440075396376374031833885,
279738700562179372450662319, 1095589288121794274364182264,
4291698235980725267429025803, 16815040109848257733723931589,
65895345745035566356708331640, 258285561224223779699459272479,
1012591430041750775359014146164, 3970608254175448699825013993348,
15572855591471807407565837917511, 61089626996476658952037813016320,
239692326995205824547683891142776 ]


k=11
[ 0, 0, 0, 0, 0, 0, 0, 0, 0, 0, 0, 1, 11, 89, 584, 3390, 18021, 89875, 427006,
1954108, 8683014, 37691006, 160575482, 673875841, 2793767682, 11468459676,
46700342452, 188918680156, 760126559821, 3044887935385, 12152652856818,
48357356900358, 191943183713854, 760305228273078, 3006506462219592,
11871959522191555, 46824638743080998, 184504219477558280, 726426511855036388,
2858198766375232074, 11239852270356812952, 44181473766787564554,
173607494805887209142, 681988507140743971172, 2678507614285659557960,
10518139490763784202560, 41298549871792093440520, 162142664553302745824225,
636562162108812597305530, 2499065725978214801787040, 9811117084874338190009464,
38518754498565873853005131, 151233078519504949298530409,
593811767081618513438234727, 2331760626178016945344163454,
9157083326537213869291212264, 35964378655431819594897301597,
141264710190050031442062308099, 554936790850783496679227860178,
2180241404223306280028397133762, 8566806916936750003535142584165,
33665761891315371806835423241349, 132316625534089521204474967417046 ]


k=12
[ 0, 0, 0, 0, 0, 0, 0, 0, 0, 0, 0, 0, 1, 12, 103, 713, 4337, 24049, 124602,
612883, 2894671, 13237744, 58989333, 257399467, 1104059736, 4669417391,
19520460827, 80824297798, 331989105078, 1354603961215, 5496429077253,
22198233451424, 89299254942047, 358043744818617, 1431546904839948,
5710078403615781, 22730095552074937, 90326279062829550, 358419142092195295,
1420450567356812201, 5623393636717984844, 22242117648401653045,
87905715625972981019, 347193213441134333470, 1370507221864207235997,
5407348901333057464491, 21326147421604135745128, 84080078435865521058439,
331398547861496241846967, 1305887838449947198026126, 5144903714601734961097597,
20266592209574830728223391, 79823417772006145262931815,
314367975756623495919672811, 1237985165271035629510740678,
4874961670946476470437159317, 19196139981309144329805831424,
75587653071310703416030042092, 297638081569986305536108771752,
1172013122416550873306233545588, 4615170743643174047100675598561,
18174345128621610166188879013332, 71573015762456897361431224655761 ]


k=13
[ 0, 0, 0, 0, 0, 0, 0, 0, 0, 0, 0, 0, 0, 1, 13, 118, 859, 5462, 31528, 169421,
861570, 4195243, 19729328, 90200326, 402960587, 1766163371, 7619382708,
32439052385, 136585672094, 569762137711, 2358104416760, 9694721430785,
39631890209121, 161233072119616, 653231918078433, 2637183065918097,
10614230679102817, 42608356218449393, 170653105922651113, 682148590721123610,
2722088163173369144, 10846278616600603739, 43161658013086994695,
171564046008944194521, 681283025969183911775, 2703062581725094573700,
10716648502434343767242, 42459741798617742300933, 168130759500866369358768,
665426408488316349890005, 2632471494201642973873249, 10410283669297387680752284,
41154590392829937995976955, 162648452378031061947446858,
642649897742284623260932261, 2538673371049769533708990553,
10026755918602948021598108214, 39595622605821106852705975000,
156342705382991107089258074563, 617250198295319808628138205076,
2436724720012979248410759254473, 9618799428513802421784495001039,
37967429641032003190200379739740 ]


k=14
[ 0, 0, 0, 0, 0, 0, 0, 0, 0, 0, 0, 0, 0, 0, 1, 14, 134, 1023, 6785, 40694,
226455, 1189135, 5963530, 28817315, 135090068, 617602646, 2765256106,
12166679182, 52749256270, 225866282786, 956952352238, 4017993804998,
16740688367521, 69287778554460, 285140332398246, 1167661522636503,
4761216412826548, 19342167033577516, 78322497291685295, 316256997304971576,
1273851717135967023, 5119817022039918343, 20538117697598590531,
82250036165716108285, 328902016998121105387, 1313489694936623414423,
5239402930789658615528, 20878012465269992952501, 83118752445823948884225,
330640221378050569539966, 1314311365201403224447168, 5221092289255570423185593,
20728873592412789963162266, 82256182541414903492859390,
326260286964863903802820949, 1293553451425297002997767278,
5126824263860626621641697653, 20312984084345675949511098661,
80459224005496292301565116025, 318616858155458209743725813299,
1261435481564132505625495622793, 4993166502679161386469993015693,
19761139765153947776742231492496 ]


k=15
[ 0, 0, 0, 0, 0, 0, 0, 0, 0, 0, 0, 0, 0, 0, 0, 1, 15, 151, 1206, 8327, 51806,
298130, 1614636, 8331761, 41337752, 198576640, 928638480, 4246086820,
19049371300, 84095052140, 366175283400, 1575773332880, 6712774778915,
28347679679115, 118809168150150, 494688575247915, 2048007028735990,
8436514691718090, 34601596914531100, 141371600857632785, 575652916682955110,
2337029723108659270, 9462857334119213340, 38226530501719280830,
154100959064015499640, 620072890912000470912, 2490943823836915616760,
9991834345691539719537, 40027075609078415667867, 160158220036389641213739,
640153206792008427885846, 2556257522629269405653635, 10198886882265971144533026,
40659818826894726380370646, 161985315193625970270123732,
644930585635915003219170569, 2566279477537616722807640150,
10206395860840594814503297694, 40573249861318607437427707524,
161222424361141071597317307998, 640393366586785005065475151888,
2542843996702295201315734866280, 10093886692575694137019739138168 ]


k=16
[ 0, 0, 0, 0, 0, 0, 0, 0, 0, 0, 0, 0, 0, 0, 0, 0, 1, 16, 169, 1409, 10110,
65147, 387201, 2160500, 11460767, 58339289, 287008280, 1372280545, 6405434709,
29294588122, 131659858095, 582934248793, 2547901526715, 11012775292833,
47141110257084, 200093808574461, 843064196818429, 3529203308848790,
14690002462891915, 60840020452371065, 250860632457347164, 1030317343972003757,
4216924180720292345, 17205737799554611446, 70008214450554912243,
284151768749053053109, 1150772227577368147056, 4651196156370316004877,
18765636298349376702186, 75589654725161383962042, 304039653321602164923348,
1221315002378501575697838, 4900144989142940602301026,
19639133909347757244443344, 78634150566380742700184314,
314567876717927006907703778, 1257380556250093645289089044,
5022266127160095874550226974, 20046642623791663740288763194,
79968346400901215478726788240, 318824942111555964898589950358,
1270472203380601142103382093402, 5060294739273054375430470927688 ]


k=17
[ 0, 0, 0, 0, 0, 0, 0, 0, 0, 0, 0, 0, 0, 0, 0, 0, 0, 1, 17, 188, 1633, 12157,
81025, 496779, 2852931, 15544524, 81124701, 408493085, 1995995300, 9507580603,
44313611671, 202719737152, 912551728500, 4050917091150, 17765223290871,
77086446494913, 331395166705507, 1413072395311741, 5982102285323063,
25163905349626694, 105257246168412611, 438075890358474753, 1815133136529059727,
7490963031716666301, 30804860811905209900, 126273851126077861542,
516132428457226440477, 2104198937974208104827, 8558553906769670505759,
34737571657980765233022, 140724803782050921728271, 569103362175908121000312,
2297893140940592606528802, 9265061005419048169021390,
37307978788716498070879922, 150051285091000924432444028,
602846696466969257650027477, 2419599203208964035454528204,
9702545308702301607612140968, 38874649234981574923155909768,
155637993613349732404086286827, 622673140696526879218872385746,
2489571422250625083308238756437 ]


k=18
[ 0, 0, 0, 0, 0, 0, 0, 0, 0, 0, 0, 0, 0, 0, 0, 0, 0, 0, 1, 18, 208, 1879, 14492,
99774, 630359, 3722348, 20815192, 111298385, 573287287, 2861353032, 13903525690,
66022924003, 307364094419, 1406517067026, 6340651212302, 28212158822327,
124093398082190, 540340730760084, 2331885108153503, 9984147895753694,
42448695069093472, 179350333378349193, 753558342578187388, 3150389360094110794,
13111991557684938656, 54353505063559783910, 224499276211327641125,
924239722352594558746, 3793786131214411645914, 15531039987007740606907,
63427168503544028905618, 258459893358261554915648, 1051089726901135745825202,
4266698859778811510011268, 17290941697852623865409148,
69965135826003878277877846, 282707203699274799857699419,
1140865796652191062803934490, 4598542879651335415300179483,
18515486401052683744515273791, 74476043950870608699394665335,
299294429591823557586787126993, 1201744511986923492977359106043 ]


k=19
[ 0, 0, 0, 0, 0, 0, 0, 0, 0, 0, 0, 0, 0, 0, 0, 0, 0, 0, 0, 1, 19, 229, 2148,
17140, 121755, 791849, 4803854, 27548683, 150820425, 794249795, 4047453718,
20054681843, 96997002421, 459426067465, 2136798950898, 9781254937647,
44152140189082, 196859600148004, 868219328718920, 3792331138393823,
16422977099075335, 70578277672792115, 301243171185119470, 1277909102732793220,
5391272366064091006, 22632401620585101138, 94586577140901663428,
393708676538175740621, 1632800113996968078305, 6749181890141487688859,
27813825433528200235572, 114308651962194623245112, 468609619365470837093794,
1916686412045195170282730, 7823177100037435054271620,
31870104959807700934912078, 129604646964255854098685943,
526206584154009523951383451, 2133273755059552788460628140,
8636588942082740611159857974, 34921212948584255638560787450,
141035904862622928225320160690, 568985907534125150292865168730 ]


k=20
[ 0, 0, 0, 0, 0, 0, 0, 0, 0, 0, 0, 0, 0, 0, 0, 0, 0, 0, 0, 0, 1, 20, 251, 2441,
20127, 147357, 985600, 6137737, 36070792, 202067854, 1087371394, 5655019240,
28561866249, 140659685334, 677673522663, 3202900844525, 14885276891300,
68159834967365, 308036761556845, 1376007479883470, 6083302786726676,
26646638112876545, 115758383133169101, 499160157896925066, 2138111549869750937,
9103548732824346333, 38550902010771661350, 162452506477274734903,
681531193497505325348, 2847671817285820742696, 11854881795955714404234,
49186847064117195680120, 203456602089162799534844, 839226505892870576629834,
3452814666525151610704798, 14172482461602896075540440,
58047042142464245151064865, 237274304488003796220561050,
968112038160436993956761105, 3943359402944009196543690805,
16037210403100563512925561388, 65127420520433651549255647015,
264130079259746421745264347913 ]


k=21
[ 0, 0, 0, 0, 0, 0, 0, 0, 0, 0, 0, 0, 0, 0, 0, 0, 0, 0, 0, 0, 0, 1, 21, 274,
2759, 23480, 176998, 1216437, 7770004, 46763926, 267903779, 1472387730,
7811252804, 40200553631, 201522107596, 987321722544, 4741004976886,
22366612350235, 103881481883825, 475827209490655, 2152757252010893,
9632747287367985, 42679175700145941, 187426858452850391, 816551474932530815,
3531925394064641678, 15178068082286148852, 64843299490124638343,
275546070198296298339, 1165238372568143788498, 4905858477447668830672,
20571372786037843475662, 85942978027123290361134, 357842416148711843873326,
1485351882802103156110786, 6147984688241873834762702,
25380560002334601427490655, 104525979236080728779651825,
429519713675936989063413917, 1761373436944853489341421926,
7209351954674052266628219147, 29456314872619637628350966263,
120158244826633653839522194828 ]


k= 22
[ 0, 0, 0, 0, 0, 0, 0, 0, 0, 0, 0, 0, 0, 0, 0, 0, 0, 0, 0, 0, 0, 0, 1, 22, 298,
3103, 27227, 211126, 1489691, 9752949, 60074467, 351755073, 1973485988,
10675577805, 55963472973, 285476538614, 1421940509499, 6935730813007,
33209882461921, 156429020365713, 726150174700507, 3327163550743321,
15067877668587765, 67527044128578839, 299781964220292903, 1319580056371901877,
5763978472666297576, 25002244734627484217, 107766671288513074148,
461835268010058959264, 1968831834400130791782, 8353095895957890778782,
35284301957131440940630, 148446729688439261520106, 622241012219749190231026,
2599412698153934425244406, 10825242054747710247816895,
44952287281951441748988556, 186171787437462179049975378,
769150063617646910903441993, 3170463526963392418985362832,
13041308296962043919388229348, 53539237607377422609118431348 ]


k= 23
[ 0, 0, 0, 0, 0, 0, 0, 0, 0, 0, 0, 0, 0, 0, 0, 0, 0, 0, 0, 0, 0, 0, 0, 1, 23,
323, 3474, 31397, 250220, 1811232, 12145756, 76520806, 457699377, 2620115989,
14446380670, 77111783287, 400156964982, 2025842463510, 10035145200272,
48760640941932, 232901591900982, 1095556460770662, 5083377680988152,
23298748586686022, 105610645514869942, 473964799666606802, 2107955471392365572,
9298656687260697697, 40714401757078702694, 177065949064332703178,
765315042492794875392, 3289239669784969068228, 14063999311692057642312,
59850408935200400089036, 253593838658355576151412, 1070225795098507195036724,
4500020661015178400838209, 18857330706899765973831037,
78774418298019170600084878, 328119315777169373296994861,
1363054065958533005778795802, 5648249516403736261139275522,
23351326725768242707672736996 ]


k= 24
[ 0, 0, 0, 0, 0, 0, 0, 0, 0, 0, 0, 0, 0, 0, 0, 0, 0, 0, 0, 0, 0, 0, 0, 0, 1, 24,
349, 3873, 36020, 294791, 2187503, 15015138, 96702086, 590562195, 3447917293,
19368895444, 105236225629, 555378958893, 2857054159150, 14369792091455,
70841810424395, 343070331401020, 1635119013565115, 7682449020400075,
35633287041260760, 163366847430522425, 741148413433883425, 3330470717043417450,
14836908202175535875, 65577564176739459997, 287767577591863609092,
1254504449127004261717, 5436102865308981731209, 23426380815077790550910,
100443126807224165324443, 428656186543267145720429, 1821508711748782998483609,
7709586528479481182234773, 32511693077522177075048210,
136639343987322206887491699, 572463688369878876093235777,
2391414363662684767694946632, 9962917736728115387003332569 ]


k= 25
[ 0, 0, 0, 0, 0, 0, 0, 0, 0, 0, 0, 0, 0, 0, 0, 0, 0, 0, 0, 0, 0, 0, 0, 0, 0, 1,
25, 376, 4301, 41127, 345383, 2625555, 18436013, 121307693, 756024906,
4499774799, 25744382105, 142329827354, 763673282284, 3990990613463,
20376662667877, 101902949051285, 500271131205137, 2415587347858772,
11491172912533484, 53934354300544151, 250083346056384815, 1146873772883277491,
5207094081685968056, 23426813221714498622, 104524007351284136564,
462822422012271965825, 2035104128218713750064, 8891663497962193010539,
38621481917361606314628, 166850612348716669360942, 717238468250981900036095,
3069042243830614827469162, 13076661276435982099045657,
55498726246643717238745219, 234685567849494350451392686,
989056324447165601914602445, 4155191756100330573326313706 ]


k= 26
[ 0, 0, 0, 0, 0, 0, 0, 0, 0, 0, 0, 0, 0, 0, 0, 0, 0, 0, 0, 0, 0, 0, 0, 0, 0, 0,
1, 26, 404, 4759, 46750, 402574, 3133083, 22492218, 151127535, 960744559,
5827016281, 33940765849, 190873930622, 1040929813979, 5524973546858,
28629204877782, 145210370816187, 722560656531366, 3534168141772857,
17020618586223519, 80832576065095281, 379045121845279011, 1757087567055217608,
8060127708115663071, 36621456354837501561, 164941964112664387746,
736967280892747546809, 3268691189709581645279, 14400142085594405469480,
63046383434834837630793, 274451152602566318595996, 1188427037055608843582952,
5121014427356806707511125, 21967120632839992015410144,
93835563705603203614310871, 399272948704133420702988825,
1692777707963227118621844366 ]


k= 27
[ 0, 0, 0, 0, 0, 0, 0, 0, 0, 0, 0, 0, 0, 0, 0, 0, 0, 0, 0, 0, 0, 0, 0, 0, 0, 0,
0, 1, 27, 433, 5248, 52922, 466977, 3718463, 27277262, 187063150, 1212486360,
7490766292, 44404920922, 253939531601, 1407170773680, 7583757462278,
39874678259720, 205087825578163, 1034203642805934, 5123385322681228,
24977227684595998, 120012673069714502, 569098106415687705, 2666486313303741935,
12357815388424761002, 56702572184755668883, 257803148869029170262,
1162321545566130843712, 5200107286994223849350, 23100034744514604728033,
101945495446672717685194, 447194637983465905787610, 1950725411640637257173098,
8465382109330090954875847, 36560458398263675196614846,
157195712532233623036902036, 673085410025409753084208694 ]


k= 28
[ 0, 0, 0, 0, 0, 0, 0, 0, 0, 0, 0, 0, 0, 0, 0, 0, 0, 0, 0, 0, 0, 0, 0, 0, 0, 0,
0, 0, 1, 28, 463, 5769, 59677, 539241, 4390790, 32895119, 230139685, 1520269804,
9563471907, 57676800041, 335306150882, 1887474874505, 10326254096623,
55080399190868, 287219425913579, 1467574783753043, 7362583846543840,
36330137534730037, 176596047220212210, 846766918225521390, 4009964763791735844,
18774925222494280178, 86994997026825567946, 399266477024577414304,
1816436311877166991756, 8197270513829962455610, 36718406438315142242150,
163347170848304981004776, 722066825928297018652884, 3173112014961772590644262,
13868248110121888844369622, 60305311692567534870916696,
261001005783910708861764848 ]


k= 29
[ 0, 0, 0, 0, 0, 0, 0, 0, 0, 0, 0, 0, 0, 0, 0, 0, 0, 0, 0, 0, 0, 0, 0, 0, 0, 0,
0, 0, 0, 1, 29, 494, 6323, 67050, 620052, 5159917, 39461062, 281518789,
1894529450, 12130616862, 74405629089, 439600710599, 2513076988248,
13953675851715, 75490697526738, 399028832331276, 2065576749078711,
10492775845099967, 52399323988390800, 257648661162178980, 1249103809206812189,
5978215729651977654, 28276324401050658903, 132305636098952912860,
612942524368123988381, 2813785362674910302018, 12808615824706494979983,
57854087366166830806116, 259442350218204155953485, 1155722909213602774748674,
5116616705102735846627231, 22522680238624422982084136,
98614405582407220217372197 ]


k= 30
[ 0, 0, 0, 0, 0, 0, 0, 0, 0, 0, 0, 0, 0, 0, 0, 0, 0, 0, 0, 0, 0, 0, 0, 0, 0, 0,
0, 0, 0, 0, 1, 30, 526, 6911, 75077, 710134, 6036495, 47102539, 342512464,
2347291383, 15292641780, 95368406640, 572459170960, 3322671179430,
18719352736540, 102696722541532, 550151425440905, 2884697536288782,
14835690205325607, 74970312310696769, 372851069736427865, 1827496834502451305,
8838847413687164025, 42231498970522890665, 199532060322441196605,
933068711438403757585, 4322054006199937168825, 19845377622812453323205,
90387472131666340770645, 408599079094205615705465, 1834272261156466321959069,
8181321552031507887808285, 36272170261985851780524949 ]


k= 31
[ 0, 0, 0, 0, 0, 0, 0, 0, 0, 0, 0, 0, 0, 0, 0, 0, 0, 0, 0, 0, 0, 0, 0, 0, 0, 0,
0, 0, 0, 0, 0, 1, 31, 559, 7534, 83795, 810250, 7032014, 55960092, 414597919,
2892366454, 19167089358, 121490969020, 740713979722, 4363948581796,
24940515543772, 138721599148632, 753019358898337, 3998856013291720,
20818081949857624, 106442613216887424, 535377151362226848, 2652729180620760080,
12964790666151589232, 62570469786376891296, 298500756362241331652,
1408931804253972922260, 6585072681641503622180, 30498649703077207345672,
140069405249421613149116, 638285567481889703700808, 2887609433081912233814632,
12975823472828281294721664 ]


k= 32
[ 0, 0, 0, 0, 0, 0, 0, 0, 0, 0, 0, 0, 0, 0, 0, 0, 0, 0, 0, 0, 0, 0, 0, 0, 0, 0,
0, 0, 0, 0, 0, 0, 1, 32, 593, 8193, 93242, 921203, 8158845, 66188320, 499433473,
3545561437, 23890994622, 153871904091, 952610714017, 5695405582004,
33012380868149, 186123850074665, 1023583062229768, 5504214771449767,
29002591763847999, 150020753945995350, 763040039556581061, 3821661538468278923,
18872283644622225968, 91994764169679303227, 443114441299085286663,
2110988317214500964390, 9954896038049565072845, 46504823501825581320499,
215361769176975234035776, 989282954183951020721875, 4510261037604274128411587 ]


k= 33
[ 0, 0, 0, 0, 0, 0, 0, 0, 0, 0, 0, 0, 0, 0, 0, 0, 0, 0, 0, 0, 0, 0, 0, 0, 0, 0,
0, 0, 0, 0, 0, 0, 0, 1, 33, 628, 8889, 103457, 1043837, 9430283, 77956887,
598875554, 4324909291, 29623541641, 193809620810, 1218057646345, 7388462169257,
43424921611098, 248122471995550, 1382197016832041, 7525174989118788,
40126725279532643, 209958848600254946, 1079778435490743910, 5466008959392926244,
27271371217093513303, 134261202716554030924, 652912937241010445533,
3139282664099438307120, 14936394211767048922522, 70377915976064831509390,
328629653080383257856449, 1521717400419841039796328 ]


k= 34
[ 0, 0, 0, 0, 0, 0, 0, 0, 0, 0, 0, 0, 0, 0, 0, 0, 0, 0, 0, 0, 0, 0, 0, 0, 0, 0,
0, 0, 0, 0, 0, 0, 0, 0, 1, 34, 664, 9623, 114480, 1179038, 10860591, 91451576,
714996842, 5250919765, 36549009427, 242832906918, 1548912347038, 9529935137611,
56782760298325, 328747590194878, 1854702538066729, 10221809700706459,
55151853867064148, 291872154619420865, 1517574441556285147, 7763807059962822982,
39132672697330643247, 194561475579838522069, 955184397344026991340,
4634957359178346303751, 22248864238674503882137, 105733841147238858240442,
497821696556466939799309 ]


k= 35
[ 0, 0, 0, 0, 0, 0, 0, 0, 0, 0, 0, 0, 0, 0, 0, 0, 0, 0, 0, 0, 0, 0, 0, 0, 0, 0,
0, 0, 0, 0, 0, 0, 0, 0, 0, 1, 35, 701, 10396, 126352, 1327735, 12465045,
106875390, 850105605, 6346851635, 44880031137, 302735333910, 1959309845667,
12224916122427, 73828682394219, 433021224248166, 2473745946221100,
13799040573498501, 75324532355378401, 403132070615948152, 2118915940199680069,
10954314843957066410, 55775192339500128344, 280027085791258888004,
1387805063147555608803, 6795901687651879825401, 32910665925133002851295,
157740352606978441284366 ]


k= 36
[ 0, 0, 0, 0, 0, 0, 0, 0, 0, 0, 0, 0, 0, 0, 0, 0, 0, 0, 0, 0, 0, 0, 0, 0, 0, 0,
0, 0, 0, 0, 0, 0, 0, 0, 0, 0, 1, 36, 739, 11209, 139115, 1490901, 14259980,
124449701, 1006766278, 7639007914, 54861192136, 375613896782, 2466037315371,
15600110248472, 95471333396171, 567173384385187, 3280376993036871,
18517920022329721, 102252894200943190, 553364634410531873, 2939943110427721743,
15357288850082420504, 78981218454888808643, 400397562431908371187,
2003038536134250881265, 9897910626899213918449, 48354839237405767577806 ]


k= 37
[ 0, 0, 0, 0, 0, 0, 0, 0, 0, 0, 0, 0, 0, 0, 0, 0, 0, 0, 0, 0, 0, 0, 0, 0, 0, 0,
0, 0, 0, 0, 0, 0, 0, 0, 0, 0, 0, 1, 37, 778, 12063, 152812, 1669554, 16262837,
144415448, 1187821336, 9157055429, 66772993978, 463912306002, 3088960718651,
19807697500896, 122817737440522, 738899493034618, 4325979832136998,
24709446370993110, 138001432373605973, 755076882266721994, 4054450813587192527,
21397792995671725907, 111145934284366372298, 568900299270941961711,
2872592621958893120142, 14323143814686773034291 ]


k= 38
[ 0, 0, 0, 0, 0, 0, 0, 0, 0, 0, 0, 0, 0, 0, 0, 0, 0, 0, 0, 0, 0, 0, 0, 0, 0, 0,
0, 0, 0, 0, 0, 0, 0, 0, 0, 0, 0, 0, 1, 38, 818, 12959, 167487, 1864758,
18492211, 167034385, 1396414513, 10934370213, 80936212916, 570469380767,
3851509362571, 25029785839998, 157211357099025, 957665997838129,
5674597295251186, 32791416063636205, 185208117390420145, 1024440549873276456,
5558957324947887396, 29637988859062527853, 155471312969519205282,
803403446285689862262, 4094316658488558625903 ]


k= 39
[ 0, 0, 0, 0, 0, 0, 0, 0, 0, 0, 0, 0, 0, 0, 0, 0, 0, 0, 0, 0, 0, 0, 0, 0, 0, 0,
0, 0, 0, 0, 0, 0, 0, 0, 0, 0, 0, 0, 0, 1, 39, 859, 13898, 183185, 2077624,
20967900, 192590380, 1636015420, 13008410215, 97716683163, 698573025946,
4781224857381, 31483532606582, 200276504683670, 1235072021139856,
7405718887371963, 43288905051138973, 247228556939870721, 1382268668972612810,
7579096441688556791, 40817692228076158998, 216216268976674174518,
1127919565703940641856 ]


k= 40
[ 0, 0, 0, 0, 0, 0, 0, 0, 0, 0, 0, 0, 0, 0, 0, 0, 0, 0, 0, 0, 0, 0, 0, 0, 0, 0,
0, 0, 0, 0, 0, 0, 0, 0, 0, 0, 0, 0, 0, 0, 1, 40, 901, 14881, 199952, 2309311,
23710955, 221390766, 1910445616, 15421116887, 117530536795, 852020310230,
5910381557225, 39427018949055, 253970015447900, 1585275987445055,
9617613880989430, 56859072999912770, 328312780714647920, 1855227796882500210,
10277645757197719990, 55905895290001163940, 299017982949287269590 ]


k= 41
[ 0, 0, 0, 0, 0, 0, 0, 0, 0, 0, 0, 0, 0, 0, 0, 0, 0, 0, 0, 0, 0, 0, 0, 0, 0, 0,
0, 0, 0, 0, 0, 0, 0, 0, 0, 0, 0, 0, 0, 0, 0, 1, 41, 944, 15909, 217835, 2561027,
26743731, 253767745, 2223906187, 18219347264, 140849933915, 1035184199975,
7276686186784, 49165970890582, 320641203361465, 2025497396312423,
12431303323865270, 74321100643732148, 433821257805526714, 2477337087960173061,
13864570471763256924, 76165953619188929940 ]


k= 42
[ 0, 0, 0, 0, 0, 0, 0, 0, 0, 0, 0, 0, 0, 0, 0, 0, 0, 0, 0, 0, 0, 0, 0, 0, 0, 0,
0, 0, 0, 0, 0, 0, 0, 0, 0, 0, 0, 0, 0, 0, 0, 0, 1, 42, 988, 16983, 236882,
2834030, 30089939, 290079846, 2581006889, 21455338211, 168209318485,
1253087542095, 8924065025458, 61061430291091, 403101241482932, 2576605276247730,
15995278842354860, 96692204366263526, 570487943000771283, 3291815379746124102,
18609541375897856211 ]


k= 43
[ 0, 0, 0, 0, 0, 0, 0, 0, 0, 0, 0, 0, 0, 0, 0, 0, 0, 0, 0, 0, 0, 0, 0, 0, 0, 0,
0, 0, 0, 0, 0, 0, 0, 0, 0, 0, 0, 0, 0, 0, 0, 0, 0, 1, 43, 1033, 18104, 257142,
3129629, 33774699, 330713438, 2986796912, 25187204570, 200212237082,
1511484930202, 10903547733105, 75538489393438, 504703242249744,
3263806379045116, 20491092004542702, 125230825116801867, 746739525831891075,
4353349153515887514 ]


k= 44
[ 0, 0, 0, 0, 0, 0, 0, 0, 0, 0, 0, 0, 0, 0, 0, 0, 0, 0, 0, 0, 0, 0, 0, 0, 0, 0,
0, 0, 0, 0, 0, 0, 0, 0, 0, 0, 0, 0, 0, 0, 0, 0, 0, 0, 1, 44, 1079, 19273,
278665, 3449185, 37824594, 376084299, 3446797323, 29479473000, 237538759745,
1816953131063, 13274257660588, 93096213926611, 629434459197715,
4117447868373378, 26139955902595332, 161488263407975367, 973081648268404599 ]


k= 45
[ 0, 0, 0, 0, 0, 0, 0, 0, 0, 0, 0, 0, 0, 0, 0, 0, 0, 0, 0, 0, 0, 0, 0, 0, 0, 0,
0, 0, 0, 0, 0, 0, 0, 0, 0, 0, 0, 0, 0, 0, 0, 0, 0, 0, 0, 1, 45, 1126, 20491,
301502, 3794112, 42267725, 426639242, 3967035247, 34403653364, 280953544054,
2176990793415, 16104519296659, 114318891924844, 782022191714933,
5173951137040950, 33210520737871325, 207370231055426090 ]


k= 46
[ 0, 0, 0, 0, 0, 0, 0, 0, 0, 0, 0, 0, 0, 0, 0, 0, 0, 0, 0, 0, 0, 0, 0, 0, 0, 0,
0, 0, 0, 0, 0, 0, 0, 0, 0, 0, 0, 0, 0, 0, 0, 0, 0, 0, 0, 0, 1, 46, 1174, 21759,
325705, 4165878, 47133767, 482857799, 4554079846, 40038849579, 331314585620,
2600128208314, 19473094362326, 139888758565726, 968055149494714,
6476895471290166, 42028007780821560 ]


k= 47
[ 0, 0, 0, 0, 0, 0, 0, 0, 0, 0, 0, 0, 0, 0, 0, 0, 0, 0, 0, 0, 0, 0, 0, 0, 0, 0,
0, 0, 0, 0, 0, 0, 0, 0, 0, 0, 0, 0, 0, 0, 0, 0, 0, 0, 0, 0, 0, 1, 47, 1223,
23078, 351327, 4566006, 52454026, 545253964, 5215080157, 46472411908,
389582700268, 3096047939560, 23470558977168, 170600361491124, 1194122224507164,
8078272585914152 ]


k= 48
[ 0, 0, 0, 0, 0, 0, 0, 0, 0, 0, 0, 0, 0, 0, 0, 0, 0, 0, 0, 0, 0, 0, 0, 0, 0, 0,
0, 0, 0, 0, 0, 0, 0, 0, 0, 0, 0, 0, 0, 0, 0, 0, 0, 0, 0, 0, 0, 0, 1, 48, 1273,
24449, 378422, 4996075, 58261497, 614377996, 5957804851, 53800632737,
456831785364, 3675717194405, 28200835291517, 207376746312862, 1467970826753595 ]


k= 49
[ 0, 0, 0, 0, 0, 0, 0, 0, 0, 0, 0, 0, 0, 0, 0, 0, 0, 0, 0, 0, 0, 0, 0, 0, 0, 0,
0, 0, 0, 0, 0, 0, 0, 0, 0, 0, 0, 0, 0, 0, 0, 0, 0, 0, 0, 0, 0, 0, 0, 1, 49,
1324, 25873, 407045, 5457721, 64590923, 690818283, 6790683976, 62129487945,
534259909973, 4351532858784, 33782892006519, 251287658384123 ]


k= 50
[ 0, 0, 0, 0, 0, 0, 0, 0, 0, 0, 0, 0, 0, 0, 0, 0, 0, 0, 0, 0, 0, 0, 0, 0, 0, 0,
0, 0, 0, 0, 0, 0, 0, 0, 0, 0, 0, 0, 0, 0, 0, 0, 0, 0, 0, 0, 0, 0, 0, 0, 1, 50,
1376, 27351, 437252, 5952638, 71478855, 775203268, 7722852748, 71575426041,
623201285839, 5137480177780, 40352629293394 ]


k= 51
[ 0, 0, 0, 0, 0, 0, 0, 0, 0, 0, 0, 0, 0, 0, 0, 0, 0, 0, 0, 0, 0, 0, 0, 0, 0, 0,
0, 0, 0, 0, 0, 0, 0, 0, 0, 0, 0, 0, 0, 0, 0, 0, 0, 0, 0, 0, 0, 0, 0, 0, 0, 1,
51, 1429, 28884, 469100, 6482579, 78963713, 868203438, 8764197455, 82266207309,
725139173551, 6049306121014 ]


k= 52
[ 0, 0, 0, 0, 0, 0, 0, 0, 0, 0, 0, 0, 0, 0, 0, 0, 0, 0, 0, 0, 0, 0, 0, 0, 0, 0,
0, 0, 0, 0, 0, 0, 0, 0, 0, 0, 0, 0, 0, 0, 0, 0, 0, 0, 0, 0, 0, 0, 0, 0, 0, 0, 1,
52, 1483, 30473, 502647, 7049357, 87085848, 970533377, 9925403540, 94341795270,
841719780702 ]


k= 53
[ 0, 0, 0, 0, 0, 0, 0, 0, 0, 0, 0, 0, 0, 0, 0, 0, 0, 0, 0, 0, 0, 0, 0, 0, 0, 0,
0, 0, 0, 0, 0, 0, 0, 0, 0, 0, 0, 0, 0, 0, 0, 0, 0, 0, 0, 0, 0, 0, 0, 0, 0, 0, 0,
1, 53, 1538, 32119, 537952, 7654846, 95887605, 1082953884, 11218005930,
107955302839 ]


k= 54
[ 0, 0, 0, 0, 0, 0, 0, 0, 0, 0, 0, 0, 0, 0, 0, 0, 0, 0, 0, 0, 0, 0, 0, 0, 0, 0,
0, 0, 0, 0, 0, 0, 0, 0, 0, 0, 0, 0, 0, 0, 0, 0, 0, 0, 0, 0, 0, 0, 0, 0, 0, 0, 0,
0, 1, 54, 1594, 33823, 575075, 8300982, 105413387, 1206274157, 12654441679 ]


k= 55
[ 0, 0, 0, 0, 0, 0, 0, 0, 0, 0, 0, 0, 0, 0, 0, 0, 0, 0, 0, 0, 0, 0, 0, 0, 0, 0,
0, 0, 0, 0, 0, 0, 0, 0, 0, 0, 0, 0, 0, 0, 0, 0, 0, 0, 0, 0, 0, 0, 0, 0, 0, 0, 0,
0, 0, 1, 55, 1651, 35586, 614077, 8989764, 115709720, 1341354044 ]


k= 56
[ 0, 0, 0, 0, 0, 0, 0, 0, 0, 0, 0, 0, 0, 0, 0, 0, 0, 0, 0, 0, 0, 0, 0, 0, 0, 0,
0, 0, 0, 0, 0, 0, 0, 0, 0, 0, 0, 0, 0, 0, 0, 0, 0, 0, 0, 0, 0, 0, 0, 0, 0, 0, 0,
0, 0, 0, 1, 56, 1709, 37409, 655020, 9723255, 126825319 ]


k= 57
[ 0, 0, 0, 0, 0, 0, 0, 0, 0, 0, 0, 0, 0, 0, 0, 0, 0, 0, 0, 0, 0, 0, 0, 0, 0, 0,
0, 0, 0, 0, 0, 0, 0, 0, 0, 0, 0, 0, 0, 0, 0, 0, 0, 0, 0, 0, 0, 0, 0, 0, 0, 0, 0,
0, 0, 0, 0, 1, 57, 1768, 39293, 697967, 10503583 ]


k= 58
[ 0, 0, 0, 0, 0, 0, 0, 0, 0, 0, 0, 0, 0, 0, 0, 0, 0, 0, 0, 0, 0, 0, 0, 0, 0, 0,
0, 0, 0, 0, 0, 0, 0, 0, 0, 0, 0, 0, 0, 0, 0, 0, 0, 0, 0, 0, 0, 0, 0, 0, 0, 0, 0,
0, 0, 0, 0, 0, 1, 58, 1828, 41239, 742982 ]


k= 59
[ 0, 0, 0, 0, 0, 0, 0, 0, 0, 0, 0, 0, 0, 0, 0, 0, 0, 0, 0, 0, 0, 0, 0, 0, 0, 0,
0, 0, 0, 0, 0, 0, 0, 0, 0, 0, 0, 0, 0, 0, 0, 0, 0, 0, 0, 0, 0, 0, 0, 0, 0, 0, 0,
0, 0, 0, 0, 0, 0, 1, 59, 1889, 43248 ]


k= 60
[ 0, 0, 0, 0, 0, 0, 0, 0, 0, 0, 0, 0, 0, 0, 0, 0, 0, 0, 0, 0, 0, 0, 0, 0, 0, 0,
0, 0, 0, 0, 0, 0, 0, 0, 0, 0, 0, 0, 0, 0, 0, 0, 0, 0, 0, 0, 0, 0, 0, 0, 0, 0, 0,
0, 0, 0, 0, 0, 0, 0, 1, 60, 1951 ]


k= 61
[ 0, 0, 0, 0, 0, 0, 0, 0, 0, 0, 0, 0, 0, 0, 0, 0, 0, 0, 0, 0, 0, 0, 0, 0, 0, 0,
0, 0, 0, 0, 0, 0, 0, 0, 0, 0, 0, 0, 0, 0, 0, 0, 0, 0, 0, 0, 0, 0, 0, 0, 0, 0, 0,
0, 0, 0, 0, 0, 0, 0, 0, 1, 61 ]


k= 62
[ 0, 0, 0, 0, 0, 0, 0, 0, 0, 0, 0, 0, 0, 0, 0, 0, 0, 0, 0, 0, 0, 0, 0, 0, 0, 0,
0, 0, 0, 0, 0, 0, 0, 0, 0, 0, 0, 0, 0, 0, 0, 0, 0, 0, 0, 0, 0, 0, 0, 0, 0, 0, 0,
0, 0, 0, 0, 0, 0, 0, 0, 0, 1 ]
